model,batch_size,start_time,end_time,duration
vgg16,1,1653528164377049295,1653528166038023564,1660.9320068359375
vgg16,1,1653528167779022201,1653528169436908859,1657.8232421875
vgg16,1,1653528171155963520,1653528172813588244,1657.58154296875
vgg16,1,1653528174364063144,1653528176020952020,1656.849365234375
vgg16,2,1653528177664709077,1653528179671632900,2006.86279296875
vgg16,2,1653528181412241065,1653528183419397119,2007.119873046875
vgg16,2,1653528184875858172,1653528186883186118,2007.28369140625
vgg16,2,1653528188373025733,1653528190378460234,2005.3974609375
vgg16,4,1653528191909091686,1653528194515645863,2606.5224609375
vgg16,4,1653528196015709108,1653528198621304162,2605.556640625
vgg16,4,1653528200209125249,1653528202815264414,2606.1015625
vgg16,4,1653528204330759090,1653528206937374374,2606.582763671875
vgg16,8,1653528208766500538,1653528212681457874,3914.937255859375
vgg16,8,1653528214342484360,1653528218314129912,3971.587158203125
vgg16,8,1653528219976770435,1653528224023064700,4046.274658203125
vgg16,8,1653528225702725004,1653528229718131783,4015.375244140625
vgg16,16,1653528231349158556,1653528237451193580,6102.03857421875
vgg16,16,1653528239123686727,1653528245481048101,6357.3525390625
vgg16,16,1653528247340895265,1653528253417126375,6076.19189453125
vgg16,16,1653528255288000411,1653528261561015140,6273.0126953125
vgg16,32,1653528263548866385,1653528274611916645,11063.0234375
vgg16,32,1653528276666026200,1653528288162864120,11496.8720703125
vgg16,32,1653528290417648581,1653528301754452351,11336.8466796875
vgg16,32,1653528303763798854,1653528315081870436,11318.107421875
vgg16,64,1653528317593015931,1653528339411429917,21818.513671875
vgg16,64,1653528342264179352,1653528365010497985,22746.462890625
vgg16,64,1653528367554898586,1653528389792793488,22238.01953125
vgg16,64,1653528392267067783,1653528414972095761,22705.1875
vgg16,128,1653528419087635529,1653528463216286025,44128.9453125
vgg16,128,1653528466952371181,1653528509822365839,42870.16796875
vgg16,128,1653528513668207225,1653528556933751791,43265.83984375
vgg16,128,1653528560633767800,1653528604027242687,43393.71875
vgg16,256,1653528610611238278,1653528696755285053,86144.7421875
vgg16,256,1653528703246120892,1653528788428686449,85183.2265625
vgg16,256,1653528794778247123,1653528879821598969,85043.953125
vgg16,256,1653528886148492645,1653528971094877964,84946.984375
mobilenet_v2,1,1653528974725254247,1653528976915171702,2189.876220703125
mobilenet_v2,1,1653528977249678791,1653528979429282093,2179.560546875
mobilenet_v2,1,1653528979777432381,1653528981903971073,2126.49072265625
mobilenet_v2,1,1653528982311042098,1653528984439777107,2128.691162109375
mobilenet_v2,2,1653528984730457733,1653528986871764243,2141.27099609375
mobilenet_v2,2,1653528987120720012,1653528989314936628,2194.18115234375
mobilenet_v2,2,1653528989688886211,1653528991848532181,2159.602783203125
mobilenet_v2,2,1653528992107136323,1653528994245697089,2138.523681640625
mobilenet_v2,4,1653528994508433675,1653528996501736853,1993.255859375
mobilenet_v2,4,1653528996933234208,1653528999197512233,2264.23193359375
mobilenet_v2,4,1653528999481782081,1653529001747209734,2265.384033203125
mobilenet_v2,4,1653529002180512810,1653529004404551183,2223.99169921875
mobilenet_v2,8,1653529004853714684,1653529007089370730,2235.595703125
mobilenet_v2,8,1653529007402547309,1653529009689192232,2286.573486328125
mobilenet_v2,8,1653529010018817088,1653529012265472845,2246.593505859375
mobilenet_v2,8,1653529012722989964,1653529015014682304,2291.6279296875
mobilenet_v2,16,1653529015509726317,1653529017757355907,2247.587890625
mobilenet_v2,16,1653529018245347339,1653529020494186127,2248.79296875
mobilenet_v2,16,1653529020979285021,1653529023152196312,2172.859375
mobilenet_v2,16,1653529023636584494,1653529025842975106,2206.341064453125
mobilenet_v2,32,1653529026407934056,1653529029317892084,2909.93359375
mobilenet_v2,32,1653529029864777895,1653529032775965072,2911.16650390625
mobilenet_v2,32,1653529033338684408,1653529036256662551,2917.95361328125
mobilenet_v2,32,1653529036659182282,1653529039572006336,2912.8017578125
mobilenet_v2,64,1653529040146177356,1653529045399790867,5253.61376953125
mobilenet_v2,64,1653529046108579556,1653529051359905929,5251.326171875
mobilenet_v2,64,1653529052073095511,1653529057645171361,5572.06640625
mobilenet_v2,64,1653529058343644368,1653529064047715364,5704.07421875
mobilenet_v2,128,1653529064931558709,1653529076569180410,11637.67578125
mobilenet_v2,128,1653529077564436645,1653529089370259291,11805.8818359375
mobilenet_v2,128,1653529090306184855,1653529102181003234,11874.873046875
mobilenet_v2,128,1653529103086800774,1653529114720972801,11634.2353515625
mobilenet_v2,256,1653529116342650698,1653529139650618457,23308.12890625
mobilenet_v2,256,1653529141451367784,1653529164741413166,23290.203125
mobilenet_v2,256,1653529166562734676,1653529189994295786,23431.720703125
mobilenet_v2,256,1653529191673138249,1653529215222399288,23549.41796875
shufflenet_v2_x1_0,1,1653529216701175999,1653529219081173295,2379.936767578125
shufflenet_v2_x1_0,1,1653529219408484693,1653529221838417779,2429.86083984375
shufflenet_v2_x1_0,1,1653529222112624743,1653529224525711576,2413.042724609375
shufflenet_v2_x1_0,1,1653529224877420545,1653529227254956772,2377.45361328125
shufflenet_v2_x1_0,2,1653529227611796115,1653529230026725891,2414.885986328125
shufflenet_v2_x1_0,2,1653529230389219122,1653529232773682705,2384.418701171875
shufflenet_v2_x1_0,2,1653529233127230544,1653529235489305146,2362.02490234375
shufflenet_v2_x1_0,2,1653529235867804541,1653529238237668638,2369.82568359375
shufflenet_v2_x1_0,4,1653529238610221988,1653529241018926828,2408.6630859375
shufflenet_v2_x1_0,4,1653529241384827472,1653529243745888059,2361.007080078125
shufflenet_v2_x1_0,4,1653529244117428461,1653529246430926593,2313.448486328125
shufflenet_v2_x1_0,4,1653529246782099090,1653529249185609422,2403.44580078125
shufflenet_v2_x1_0,8,1653529249549378280,1653529251916038258,2366.6103515625
shufflenet_v2_x1_0,8,1653529252274093410,1653529254635278941,2361.1298828125
shufflenet_v2_x1_0,8,1653529254997821503,1653529257333873082,2336.003173828125
shufflenet_v2_x1_0,8,1653529257708665149,1653529260117657675,2408.7490234375
shufflenet_v2_x1_0,16,1653529260528625594,1653529262963473896,2434.783203125
shufflenet_v2_x1_0,16,1653529263382643994,1653529265854017236,2471.310302734375
shufflenet_v2_x1_0,16,1653529266245542319,1653529268666320210,2420.73095703125
shufflenet_v2_x1_0,16,1653529269037125162,1653529271425804557,2388.6396484375
shufflenet_v2_x1_0,32,1653529271840785193,1653529274302085879,2461.253662109375
shufflenet_v2_x1_0,32,1653529274721873162,1653529277187546501,2465.62109375
shufflenet_v2_x1_0,32,1653529277617911587,1653529280049387235,2431.437744140625
shufflenet_v2_x1_0,32,1653529280459002000,1653529282925979959,2466.923583984375
shufflenet_v2_x1_0,64,1653529283268381735,1653529285716872648,2448.447509765625
shufflenet_v2_x1_0,64,1653529286168142845,1653529288395739463,2227.545166015625
shufflenet_v2_x1_0,64,1653529288864774785,1653529291262314712,2397.494384765625
shufflenet_v2_x1_0,64,1653529291750996726,1653529294231051696,2479.998046875
shufflenet_v2_x1_0,128,1653529294802078444,1653529298792494482,3990.3681640625
shufflenet_v2_x1_0,128,1653529299426658774,1653529303418580939,3991.880615234375
shufflenet_v2_x1_0,128,1653529303949317712,1653529307938422772,3989.064697265625
shufflenet_v2_x1_0,128,1653529308518172875,1653529312513822386,3995.599853515625
shufflenet_v2_x1_0,256,1653529313434311266,1653529320626269745,7191.93603515625
shufflenet_v2_x1_0,256,1653529321530214128,1653529328726986274,7196.7509765625
shufflenet_v2_x1_0,256,1653529329639513735,1653529337180077086,7540.578125
shufflenet_v2_x1_0,256,1653529338090558611,1653529345808634971,7718.09716796875
shufflenet_v2_x1_0,512,1653529347290980341,1653529363012914252,15722.01953125
shufflenet_v2_x1_0,512,1653529364530627327,1653529380606537922,16076.0009765625
shufflenet_v2_x1_0,512,1653529382006679366,1653529397800376300,15793.775390625
shufflenet_v2_x1_0,512,1653529399249670649,1653529415060757429,15811.173828125
shufflenet_v2_x1_0,1024,1653529417658315274,1653529450014454421,32356.37890625
shufflenet_v2_x1_0,1024,1653529452687401872,1653529484545761450,31858.59375
shufflenet_v2_x1_0,1024,1653529487148245941,1653529519004686350,31856.673828125
shufflenet_v2_x1_0,1024,1653529521619326732,1653529553886674775,32267.583984375
squeezenet1_1,1,1653529554633776306,1653529565519995787,10886.205078125
squeezenet1_1,1,1653529566151433138,1653529577078068254,10926.5947265625
squeezenet1_1,1,1653529577719075071,1653529588884311218,11165.2119140625
squeezenet1_1,1,1653529589542645037,1653529600699723544,11157.0322265625
squeezenet1_1,2,1653529601377683909,1653529613117100899,11739.4130859375
squeezenet1_1,2,1653529613787487637,1653529624931386968,11143.8642578125
squeezenet1_1,2,1653529625413983387,1653529636849677187,11435.7021484375
squeezenet1_1,2,1653529637439824398,1653529649089979217,11650.158203125
squeezenet1_1,4,1653529649695987285,1653529661548537416,11852.529296875
squeezenet1_1,4,1653529662225521147,1653529673733742791,11508.1904296875
squeezenet1_1,4,1653529674446229065,1653529686205831713,11759.564453125
squeezenet1_1,4,1653529686892029355,1653529698458710348,11566.68359375
squeezenet1_1,8,1653529699026152002,1653529709144041571,10117.8505859375
squeezenet1_1,8,1653529709712043000,1653529721124117069,11412.0498046875
squeezenet1_1,8,1653529721752099992,1653529732555343083,10803.2451171875
squeezenet1_1,8,1653529733105763006,1653529744778266205,11672.4775390625
squeezenet1_1,16,1653529745504658252,1653529757600412272,12095.73828125
squeezenet1_1,16,1653529758382911186,1653529770727299414,12344.357421875
squeezenet1_1,16,1653529771466841340,1653529783729965618,12263.0927734375
squeezenet1_1,16,1653529784380799806,1653529795683254914,11302.50390625
squeezenet1_1,32,1653529796684948574,1653529813674077758,16989.220703125
squeezenet1_1,32,1653529814623066617,1653529831618292656,16995.32421875
squeezenet1_1,32,1653529832611221517,1653529849812105725,17200.984375
squeezenet1_1,32,1653529850802947266,1653529868708216511,17905.380859375
squeezenet1_1,64,1653529870558663708,1653529905968258639,35409.8671875
squeezenet1_1,64,1653529907832433556,1653529943754023335,35921.8359375
squeezenet1_1,64,1653529945621652667,1653529981947341761,36325.984375
squeezenet1_1,64,1653529983832431940,1653530019894947112,36062.80859375
squeezenet1_1,128,1653530023800778273,1653530091988484025,68188.2890625
squeezenet1_1,128,1653530095530968230,1653530163553924713,68023.5859375
squeezenet1_1,128,1653530167236482080,1653530235273722911,68037.875
squeezenet1_1,128,1653530239009853784,1653530307020549531,68011.328125
squeezenet1_1,256,1653530314593786654,1653530444857368004,130264.8203125
squeezenet1_1,256,1653530452074664374,1653530581630990077,129557.53125
squeezenet1_1,256,1653530589004124064,1653530719623279304,130620.3125
squeezenet1_1,256,1653530726873147450,1653530856515990848,129644.03125
squeezenet1_1,512,1653530870431067760,1653531129782072862,259353.390625
squeezenet1_1,512,1653531143788133184,1653531403347939283,259562.1875
squeezenet1_1,512,1653531417511846329,1653531679362873448,261853.609375
squeezenet1_1,512,1653531694193210794,1653531960685486316,266495.09375
squeezenet1_1,1024,1653531989880573501,1653532520984435057,531109.0625
squeezenet1_1,1024,1653532549316853864,1653533074867430359,525555.3125
squeezenet1_1,1024,1653533102819005588,1653533625880015420,523065.625
squeezenet1_1,1024,1653533654163981043,1653534178214179118,524054.8125
mobilenet_v2_quantized_qat,1,1653534179432835143,1653534183415887422,3982.97705078125
mobilenet_v2_quantized_qat,1,1653534184539503913,1653534188607675570,4068.12353515625
mobilenet_v2_quantized_qat,1,1653534189703863502,1653534193719685921,4015.79736328125
mobilenet_v2_quantized_qat,1,1653534194798689258,1653534198695213390,3896.4951171875
mobilenet_v2_quantized_qat,2,1653534199804822050,1653534203956103464,4151.22314453125
mobilenet_v2_quantized_qat,2,1653534205129630774,1653534209216060729,4086.380615234375
mobilenet_v2_quantized_qat,2,1653534210316228713,1653534214348869485,4032.596923828125
mobilenet_v2_quantized_qat,2,1653534215447730731,1653534219382515916,3934.74755859375
mobilenet_v2_quantized_qat,4,1653534220485641476,1653534224427227884,3941.53369140625
mobilenet_v2_quantized_qat,4,1653534225502701948,1653534229331814090,3829.06787109375
mobilenet_v2_quantized_qat,4,1653534230413788475,1653534234210594593,3796.769775390625
mobilenet_v2_quantized_qat,4,1653534235274775300,1653534239149032066,3874.219970703125
mobilenet_v2_quantized_qat,8,1653534240209240282,1653534244013310955,3804.0380859375
mobilenet_v2_quantized_qat,8,1653534245084081981,1653534248899891468,3815.782470703125
mobilenet_v2_quantized_qat,8,1653534249960019182,1653534253946325197,3986.261962890625
mobilenet_v2_quantized_qat,8,1653534255117113859,1653534259191365800,4074.209228515625
mobilenet_v2_quantized_qat,16,1653534260394911783,1653534264802521192,4407.5703125
mobilenet_v2_quantized_qat,16,1653534265950345767,1653534270247319140,4296.92919921875
mobilenet_v2_quantized_qat,16,1653534271420693340,1653534275803213854,4382.49560546875
mobilenet_v2_quantized_qat,16,1653534276971666423,1653534281309542910,4337.8359375
mobilenet_v2_quantized_qat,32,1653534282604159186,1653534288760739504,6156.5009765625
mobilenet_v2_quantized_qat,32,1653534290107025994,1653534296267727496,6160.60302734375
mobilenet_v2_quantized_qat,32,1653534297536554553,1653534303653730211,6117.15771484375
mobilenet_v2_quantized_qat,32,1653534304922188889,1653534311033952231,6111.744140625
mobilenet_v2_quantized_qat,64,1653534312525158817,1653534322528157336,10003.005859375
mobilenet_v2_quantized_qat,64,1653534324028562052,1653534334052229246,10023.69140625
mobilenet_v2_quantized_qat,64,1653534335562981660,1653534345581416746,10018.455078125
mobilenet_v2_quantized_qat,64,1653534347099167404,1653534357382957747,10283.8349609375
mobilenet_v2_quantized_qat,128,1653534359344183866,1653534379951712463,20607.65625
mobilenet_v2_quantized_qat,128,1653534381983193913,1653534402366119392,20383.0546875
mobilenet_v2_quantized_qat,128,1653534404357637293,1653534424762351046,20404.841796875
mobilenet_v2_quantized_qat,128,1653534426776877978,1653534447237745968,20461.0
mobilenet_v2_quantized_qat,256,1653534450189698026,1653534491079113628,40889.71875
mobilenet_v2_quantized_qat,256,1653534494093815003,1653534534844165366,40750.6484375
mobilenet_v2_quantized_qat,256,1653534537869686425,1653534578414991359,40545.59765625
mobilenet_v2_quantized_qat,256,1653534581466499216,1653534621921246976,40455.04296875
vision_maskrcnn,1,1653534639072322454,1653534645247905193,6175.56982421875
vision_maskrcnn,1,1653534661074806976,1653534667272997217,6198.18310546875
vision_maskrcnn,1,1653534687080780750,1653534693148066947,6067.28173828125
vision_maskrcnn,1,1653534704114143956,1653534710206844825,6092.70263671875
vision_maskrcnn,2,1653534730167076082,1653534741799251933,11632.21484375
vision_maskrcnn,2,1653534755705883213,1653534766504865070,10799.025390625
vision_maskrcnn,2,1653534780110597115,1653534791674587548,11564.033203125
vision_maskrcnn,2,1653534805079935892,1653534816722498092,11642.599609375
vision_maskrcnn,4,1653534831597224638,1653534844379596418,12782.421875
vision_maskrcnn,4,1653534860200967529,1653534873111003017,12910.0966796875
vision_maskrcnn,4,1653534884265152289,1653534897651748725,13386.6357421875
vision_maskrcnn,4,1653534922233231891,1653534935109839393,12876.65625
vision_maskrcnn,8,1653534949696037135,1653534964406103367,14710.0380859375
vision_maskrcnn,8,1653534978263911047,1653534993396467655,15132.6259765625
vision_maskrcnn,8,1653535015488241850,1653535030152147835,14663.9453125
vision_maskrcnn,8,1653535044578072195,1653535059682790381,15104.7890625
pytorch_CycleGAN_and_pix2pix,1,1653535158980320978,1653536539997637180,1381029.75
pytorch_CycleGAN_and_pix2pix,1,1653536605062583157,1653537954766720449,1349716.125
pytorch_CycleGAN_and_pix2pix,1,1653538019712375085,1653539402467818970,1382768.75
pytorch_CycleGAN_and_pix2pix,1,1653539467429518135,1653540829230749945,1361814.125
resnet50,1,1653540832378576740,1653540834681699500,2303.076416015625
resnet50,1,1653540835320058404,1653540837637599917,2317.4912109375
resnet50,1,1653540838255549502,1653540840534228729,2278.622314453125
resnet50,1,1653540841483570922,1653540843847234882,2363.612060546875
resnet50,2,1653540844444021038,1653540846767760913,2323.702880859375
resnet50,2,1653540847301036112,1653540849620996787,2319.923095703125
resnet50,2,1653540850732716961,1653540853084591609,2351.830078125
resnet50,2,1653540854129405092,1653540856483844912,2354.385009765625
resnet50,4,1653540857133652570,1653540859575530186,2441.83544921875
resnet50,4,1653540860159200765,1653540862481862130,2322.620361328125
resnet50,4,1653540863079052722,1653540865547492648,2468.39404296875
resnet50,4,1653540866501480491,1653540868893330422,2391.81201171875
resnet50,8,1653540869492739268,1653540871900714344,2407.947265625
resnet50,8,1653540872473018586,1653540874852368733,2379.31103515625
resnet50,8,1653540875867575988,1653540878323011505,2455.40771484375
resnet50,8,1653540878924683677,1653540881369661368,2444.95263671875
resnet50,16,1653540882059001245,1653540886010892541,3951.856689453125
resnet50,16,1653540886664049812,1653540890744996111,4080.934814453125
resnet50,16,1653540891464300131,1653540895632370059,4168.06201171875
resnet50,16,1653540896743810365,1653540900810745755,4066.914306640625
resnet50,32,1653540902205622270,1653540910687692133,8482.091796875
resnet50,32,1653540912064941921,1653540920206845549,8141.92529296875
resnet50,32,1653540921065866466,1653540929311015937,8245.171875
resnet50,32,1653540930172293168,1653540938262561095,8090.29443359375
resnet50,64,1653540939513956013,1653540956048049177,16534.201171875
resnet50,64,1653540957305360511,1653540973122023488,15816.76171875
resnet50,64,1653540974368507208,1653540990239856860,15871.44921875
resnet50,64,1653540991539227924,1653541007453650429,15914.5244140625
resnet50,128,1653541010055677908,1653541041961776842,31906.3359375
resnet50,128,1653541044117396836,1653541075568596920,31451.4140625
resnet50,128,1653541078189063103,1653541109700530390,31511.69921875
resnet50,128,1653541111711462758,1653541143304914842,31593.66015625
resnet50,256,1653541147444394543,1653541209385487224,61941.60546875
resnet50,256,1653541213216341914,1653541275219233935,62003.421875
resnet50,256,1653541279096034707,1653541341385064624,62289.5625
resnet50,256,1653541345489229579,1653541407561090134,62072.39453125
mnasnet1_0,1,1653541409236389410,1653541411480714186,2244.28759765625
mnasnet1_0,1,1653541412013907807,1653541414197132260,2183.183349609375
mnasnet1_0,1,1653541414532410361,1653541416452089360,1919.6436767578125
mnasnet1_0,1,1653541416772857429,1653541418781667515,2008.765380859375
mnasnet1_0,2,1653541419185840654,1653541421429223009,2243.347412109375
mnasnet1_0,2,1653541421704626194,1653541423937859150,2233.194580078125
mnasnet1_0,2,1653541424261351550,1653541426447089604,2185.6982421875
mnasnet1_0,2,1653541426725856812,1653541428955598486,2229.697509765625
mnasnet1_0,4,1653541429244777381,1653541431405907054,2161.091552734375
mnasnet1_0,4,1653541431753107044,1653541434017737157,2264.59130859375
mnasnet1_0,4,1653541434345681148,1653541436612948022,2267.221923828125
mnasnet1_0,4,1653541436948318931,1653541439147913635,2199.550048828125
mnasnet1_0,8,1653541439478563046,1653541441725556421,2246.932373046875
mnasnet1_0,8,1653541442021417272,1653541444251898948,2230.4296875
mnasnet1_0,8,1653541444745413801,1653541446987717947,2242.24755859375
mnasnet1_0,8,1653541447320962640,1653541449483993751,2162.9931640625
mnasnet1_0,16,1653541449797038754,1653541451955499786,2158.426025390625
mnasnet1_0,16,1653541452271967021,1653541454342689800,2070.688720703125
mnasnet1_0,16,1653541454639125984,1653541456699050451,2059.884521484375
mnasnet1_0,16,1653541456991689997,1653541459046152713,2054.426513671875
mnasnet1_0,32,1653541459616566547,1653541462412341251,2795.757568359375
mnasnet1_0,32,1653541462983401228,1653541465778308732,2794.89013671875
mnasnet1_0,32,1653541466349640356,1653541469143075085,2793.41455078125
mnasnet1_0,32,1653541469596250219,1653541472391823635,2795.5517578125
mnasnet1_0,64,1653541472929273008,1653541477964843134,5035.5693359375
mnasnet1_0,64,1653541478511278000,1653541483576391102,5065.11376953125
mnasnet1_0,64,1653541484087045818,1653541489317935111,5230.89501953125
mnasnet1_0,64,1653541490042053276,1653541495323362827,5281.3046875
mnasnet1_0,128,1653541496356849996,1653541507227689179,10870.89453125
mnasnet1_0,128,1653541508244908735,1653541519221742595,10976.892578125
mnasnet1_0,128,1653541520055791887,1653541531213806993,11158.078125
mnasnet1_0,128,1653541532260023262,1653541543354261460,11094.2978515625
mnasnet1_0,256,1653541544869648734,1653541567312928169,22443.451171875
mnasnet1_0,256,1653541568918256407,1653541591402718890,22484.634765625
mnasnet1_0,256,1653541593117124465,1653541615573156283,22456.203125
mnasnet1_0,256,1653541617286323165,1653541639523159647,22237.001953125
mnasnet1_0,512,1653541642628829397,1653541688536179114,45907.74609375
mnasnet1_0,512,1653541691592830147,1653541737079818436,45487.37890625
mnasnet1_0,512,1653541740117237637,1653541785889253802,45772.4140625
mnasnet1_0,512,1653541788993095900,1653541834078733131,45086.01953125
mobilenet_v3_large,1,1653541836410142513,1653541838804662922,2394.471435546875
mobilenet_v3_large,1,1653541839294500992,1653541841693559720,2399.014892578125
mobilenet_v3_large,1,1653541842081166236,1653541844601986318,2520.7490234375
mobilenet_v3_large,1,1653541845064013543,1653541847489022308,2424.955810546875
mobilenet_v3_large,2,1653541848093037187,1653541850523794657,2430.71484375
mobilenet_v3_large,2,1653541850870641435,1653541853304209435,2433.521728515625
mobilenet_v3_large,2,1653541853743737164,1653541856159405866,2415.628173828125
mobilenet_v3_large,2,1653541856523749906,1653541858960944045,2437.147705078125
mobilenet_v3_large,4,1653541859310043467,1653541861806099711,2496.001953125
mobilenet_v3_large,4,1653541862332896134,1653541864844615841,2511.67333984375
mobilenet_v3_large,4,1653541865180504543,1653541867673736080,2493.193115234375
mobilenet_v3_large,4,1653541868262076657,1653541870678072907,2415.9580078125
mobilenet_v3_large,8,1653541871233466907,1653541873644966649,2411.450439453125
mobilenet_v3_large,8,1653541874242209256,1653541876640231680,2397.983642578125
mobilenet_v3_large,8,1653541877216639783,1653541879576728546,2360.0537109375
mobilenet_v3_large,8,1653541880152660934,1653541882253711208,2101.013427734375
mobilenet_v3_large,16,1653541882609602273,1653541884835041870,2225.40283203125
mobilenet_v3_large,16,1653541885155586606,1653541887309888238,2154.252197265625
mobilenet_v3_large,16,1653541887646413383,1653541889804214866,2157.761474609375
mobilenet_v3_large,16,1653541890377911269,1653541892641091820,2263.142333984375
mobilenet_v3_large,32,1653541893112156264,1653541895707436421,2595.239990234375
mobilenet_v3_large,32,1653541896237413109,1653541898853493702,2616.009765625
mobilenet_v3_large,32,1653541899245863675,1653541901837995629,2592.090087890625
mobilenet_v3_large,32,1653541902478848214,1653541905087566070,2608.673828125
mobilenet_v3_large,64,1653541905641341729,1653541910108510035,4467.13134765625
mobilenet_v3_large,64,1653541910891907749,1653541915351411453,4459.47265625
mobilenet_v3_large,64,1653541916036466678,1653541920500072497,4463.5791015625
mobilenet_v3_large,64,1653541921146918855,1653541925602455416,4455.51708984375
mobilenet_v3_large,128,1653541926628429099,1653541934951528682,8323.09375
mobilenet_v3_large,128,1653541935870023049,1653541944576124838,8706.1337890625
mobilenet_v3_large,128,1653541945368543511,1653541954373610175,9005.1064453125
mobilenet_v3_large,128,1653541955418268728,1653541964682192982,9263.9482421875
mobilenet_v3_large,256,1653541966045066498,1653541984291601381,18246.625
mobilenet_v3_large,256,1653541985926022290,1653542004506296352,18580.392578125
mobilenet_v3_large,256,1653542006129678128,1653542024764098949,18634.546875
mobilenet_v3_large,256,1653542026298359033,1653542045121846969,18823.619140625
mobilenet_v3_large,512,1653542047880706810,1653542085279167053,37398.76171875
mobilenet_v3_large,512,1653542087976110549,1653542125184409562,37208.6015625
mobilenet_v3_large,512,1653542127971009892,1653542165075399709,37104.68359375
mobilenet_v3_large,512,1653542167864713724,1653542205098221872,37233.8046875
LearningToPaint,1,1653542209872090030,1653542211507113942,1634.97998046875
LearningToPaint,1,1653542213849967974,1653542215251459973,1401.454833984375
LearningToPaint,1,1653542217965621684,1653542219436498890,1470.8349609375
LearningToPaint,1,1653542222704488440,1653542224269811921,1565.2847900390625
LearningToPaint,2,1653542227875798066,1653542229474484890,1598.64990234375
LearningToPaint,2,1653542232289032970,1653542233853724368,1564.6475830078125
LearningToPaint,2,1653542236534378760,1653542238357388673,1822.96435546875
LearningToPaint,2,1653542240801398477,1653542242438264661,1636.826904296875
LearningToPaint,4,1653542245375005313,1653542248483870504,3108.821533203125
LearningToPaint,4,1653542250850000288,1653542252700767369,1850.7091064453125
LearningToPaint,4,1653542255115185588,1653542258364397697,3249.170166015625
LearningToPaint,4,1653542261174894628,1653542263665808514,2490.864501953125
LearningToPaint,8,1653542267011502575,1653542270389000277,3377.469482421875
LearningToPaint,8,1653542273435418146,1653542276852139177,3416.683837890625
LearningToPaint,8,1653542279731004538,1653542282835331245,3104.283935546875
LearningToPaint,8,1653542286165182298,1653542290153653359,3988.435302734375
LearningToPaint,16,1653542292779164402,1653542297905214346,5126.02392578125
LearningToPaint,16,1653542301753732620,1653542307519462670,5765.71240234375
LearningToPaint,16,1653542311679055454,1653542316152231613,4473.14599609375
LearningToPaint,16,1653542318880725349,1653542323563648501,4682.90234375
LearningToPaint,32,1653542327183975914,1653542338978275135,11794.330078125
LearningToPaint,32,1653542343204072419,1653542356071570874,12867.548828125
LearningToPaint,32,1653542360783954593,1653542373413971717,12630.033203125
LearningToPaint,32,1653542378152206909,1653542390439558900,12287.3837890625
LearningToPaint,64,1653542395293093965,1653542418275202216,22982.251953125
LearningToPaint,64,1653542423849819296,1653542446445435240,22595.763671875
LearningToPaint,64,1653542451921435529,1653542474620024444,22698.6796875
LearningToPaint,64,1653542480099532571,1653542502684486529,22585.095703125
LearningToPaint,128,1653542509314022379,1653542552679805950,43366.14453125
LearningToPaint,128,1653542559234083485,1653542601669955629,42436.22265625
LearningToPaint,128,1653542608118722459,1653542650496125872,42377.765625
LearningToPaint,128,1653542657258487384,1653542698834836010,41576.70703125
LearningToPaint,256,1653542707307543362,1653542786828142111,79521.3671875
LearningToPaint,256,1653542795369581133,1653542876354837777,80986.0390625
LearningToPaint,256,1653542884878092140,1653542966530117638,81652.8203125
LearningToPaint,256,1653542975081964940,1653543056523176475,81442.0
hf_GPT2,1,1653543113902865035,1653543118468854928,4565.9853515625
hf_GPT2,1,1653543125334659378,1653543129900837521,4566.18310546875
hf_GPT2,1,1653543137461490542,1653543142030703863,4569.2080078125
hf_GPT2,1,1653543148866171522,1653543153438610098,4572.4365234375
hf_GPT2,2,1653543161109357499,1653543168567439893,7458.1083984375
hf_GPT2,2,1653543176588259663,1653543184049815812,7461.5693359375
hf_GPT2,2,1653543191830115981,1653543199314083034,7483.98486328125
hf_GPT2,2,1653543207233647692,1653543214728172931,7494.537109375
hf_GPT2,4,1653543222891880210,1653543236082566304,13190.7587890625
hf_GPT2,4,1653543244421832098,1653543257667327118,13245.572265625
hf_GPT2,4,1653543265709884393,1653543279088701266,13378.880859375
hf_GPT2,4,1653543287436376937,1653543301316401199,13880.1015625
hf_GPT2,8,1653543309985610107,1653543337821363344,27835.93359375
hf_GPT2,8,1653543346633538408,1653543375344589333,28711.28125
hf_GPT2,8,1653543384028517290,1653543413461535118,29433.2421875
hf_GPT2,8,1653543422277081180,1653543451889237772,29612.396484375
hf_GPT2,16,1653543462217728934,1653543525982587095,63765.4140625
hf_GPT2,16,1653543536573692069,1653543601048675662,64475.54296875
hf_GPT2,16,1653543611114000952,1653543674631908237,63518.4765625
hf_GPT2,16,1653543684783780133,1653543749412527566,64629.296875
resnext50_32x4d,1,1653543759482586494,1653543761729212119,2246.595703125
resnext50_32x4d,1,1653543764324569389,1653543766639527956,2314.903564453125
resnext50_32x4d,1,1653543768700104000,1653543770985016315,2284.857421875
resnext50_32x4d,1,1653543772800801995,1653543775058179298,2257.33642578125
resnext50_32x4d,2,1653543777692239994,1653543780070138287,2377.87548828125
resnext50_32x4d,2,1653543782093337884,1653543784524389384,2431.00048828125
resnext50_32x4d,2,1653543786431825519,1653543788909899977,2478.02880859375
resnext50_32x4d,2,1653543790977297996,1653543793380457829,2403.1181640625
resnext50_32x4d,4,1653543795740670159,1653543798347904109,2607.19921875
resnext50_32x4d,4,1653543800398108048,1653543802908569105,2510.425048828125
resnext50_32x4d,4,1653543804912627596,1653543807496890312,2584.220703125
resnext50_32x4d,4,1653543809448507590,1653543812013868515,2565.329833984375
resnext50_32x4d,8,1653543814694985395,1653543818275662925,3580.664794921875
resnext50_32x4d,8,1653543820338708448,1653543823910171636,3571.440673828125
resnext50_32x4d,8,1653543825915591305,1653543829486259763,3570.6572265625
resnext50_32x4d,8,1653543831722691007,1653543835290272312,3567.56982421875
resnext50_32x4d,16,1653543837829719262,1653543843523761574,5694.04296875
resnext50_32x4d,16,1653543845619974688,1653543851399942492,5779.97607421875
resnext50_32x4d,16,1653543854326052043,1653543860213901946,5887.8544921875
resnext50_32x4d,16,1653543862878416957,1653543868919653675,6041.2509765625
resnext50_32x4d,32,1653543871419822833,1653543882244205129,10824.4365234375
resnext50_32x4d,32,1653543885381786808,1653543896525176596,11143.4443359375
resnext50_32x4d,32,1653543899734908036,1653543910962738333,11227.8369140625
resnext50_32x4d,32,1653543913884599665,1653543925229785930,11345.25
resnext50_32x4d,64,1653543928894946073,1653543950754169916,21859.39453125
resnext50_32x4d,64,1653543954408384513,1653543976371850755,21963.634765625
resnext50_32x4d,64,1653543979711384356,1653544002045683292,22334.4765625
resnext50_32x4d,64,1653544004924321872,1653544027301941019,22377.78515625
resnext50_32x4d,128,1653544031929819054,1653544076787058061,44857.640625
resnext50_32x4d,128,1653544081499066004,1653544125699302491,44200.63671875
resnext50_32x4d,128,1653544130444343368,1653544174376888725,43932.94140625
resnext50_32x4d,128,1653544179043491181,1653544223554060007,44510.9609375
resnext50_32x4d,256,1653544230516220294,1653544318027791765,87512.390625
resnext50_32x4d,256,1653544325085962552,1653544413197830507,88112.6953125
resnext50_32x4d,256,1653544420244673037,1653544507592356757,87348.4921875
resnext50_32x4d,256,1653544514240342762,1653544601860380600,87620.84375
yolov3,1,1653544609464261773,1653544612651538601,3187.24609375
yolov3,1,1653544614600032199,1653544617917423394,3317.368408203125
yolov3,1,1653544620590780677,1653544623790653982,3199.8427734375
yolov3,1,1653544625720540495,1653544628928185133,3207.62353515625
yolov3,2,1653544632996330867,1653544637172728260,4176.3642578125
yolov3,2,1653544640287693764,1653544644413986253,4126.26318359375
yolov3,2,1653544647087461589,1653544651161773357,4074.267822265625
yolov3,2,1653544653652213256,1653544657782463244,4130.21630859375
yolov3,4,1653544662277181607,1653544668892322812,6615.1455078125
yolov3,4,1653544672418301132,1653544679083146770,6664.83056640625
yolov3,4,1653544682531315556,1653544689340433611,6809.12255859375
yolov3,4,1653544692795457520,1653544699662450604,6866.99560546875
yolov3,8,1653544705140253982,1653544716894947497,11754.73828125
yolov3,8,1653544721634373806,1653544733455862807,11821.515625
yolov3,8,1653544737775124674,1653544749852363670,12077.1123046875
yolov3,8,1653544754530277955,1653544766678670485,12148.4326171875
yolov3,16,1653544772790798023,1653544793070733287,20280.05859375
yolov3,16,1653544798149506173,1653544818211037262,20061.64453125
yolov3,16,1653544823317032703,1653544843220718862,19903.796875
yolov3,16,1653544848165627898,1653544868641685850,20476.1953125
yolov3,32,1653544877511371350,1653544917329961223,39818.875
yolov3,32,1653544924065614322,1653544963752772857,39687.4296875
yolov3,32,1653544970403522368,1653545010566390601,40163.1640625
yolov3,32,1653545017226176395,1653545057396356258,40170.46875
yolov3,64,1653545070989873733,1653545152969479258,81980.296875
yolov3,64,1653545162007259951,1653545243503701064,81497.1328125
yolov3,64,1653545252374256335,1653545333120536943,80746.9921875
yolov3,64,1653545342169204146,1653545423359417582,81190.9296875
hf_BigBird,1,1653545478303188148,1653545492407474004,14104.3740234375
hf_BigBird,1,1653545496711848437,1653545510804651647,14092.8935546875
hf_BigBird,1,1653545515199730916,1653545529275414275,14075.7744140625
hf_BigBird,1,1653545533535607311,1653545547699716611,14164.2080078125
hf_BigBird,2,1653545552652651768,1653545575284593513,22632.125
hf_BigBird,2,1653545580290484701,1653545603569469364,23279.173828125
hf_BigBird,2,1653545608310392509,1653545631947371840,23637.171875
hf_BigBird,2,1653545636711009661,1653545660508320751,23797.50390625
hf_BigBird,4,1653545666028688888,1653545711177431708,45149.1328125
hf_BigBird,4,1653545717057830073,1653545761560150688,44502.69921875
hf_BigBird,4,1653545767413811588,1653545812642579890,45229.1328125
hf_BigBird,4,1653545818269255236,1653545863269702393,45000.80078125
hf_BigBird,8,1653545870810023564,1653545962053728334,91244.5078125
hf_BigBird,8,1653545969934511367,1653546060715552802,90781.8359375
hf_BigBird,8,1653546068223915780,1653546158746697517,90523.5703125
hf_BigBird,8,1653546166623650603,1653546256932982258,90310.1171875
alexnet,1,1653546263056448678,1653546263663923740,607.4326782226562
alexnet,1,1653546265512098820,1653546266120144186,608.01025390625
alexnet,1,1653546267760966309,1653546268368396632,607.393798828125
alexnet,1,1653546269996630155,1653546270604465303,607.7931518554688
alexnet,2,1653546272300900866,1653546272943712454,642.7637939453125
alexnet,2,1653546274574819455,1653546275217616183,642.7576293945312
alexnet,2,1653546276884545755,1653546277528199744,643.5870971679688
alexnet,2,1653546279318823175,1653546279961693952,642.8283081054688
alexnet,4,1653546282031662677,1653546282694700399,662.9805908203125
alexnet,4,1653546284597770365,1653546285260613450,662.793212890625
alexnet,4,1653546286933453305,1653546287595655286,662.1470947265625
alexnet,4,1653546289273714734,1653546289934933056,661.1773681640625
alexnet,8,1653546291673922554,1653546292389353631,715.3930053710938
alexnet,8,1653546294057455229,1653546294773061245,715.5588989257812
alexnet,8,1653546296405915416,1653546297121459462,715.509765625
alexnet,8,1653546298778080358,1653546299494893220,715.615234375
alexnet,16,1653546301684462560,1653546302476654981,792.1510620117188
alexnet,16,1653546304337589197,1653546305129537941,791.9114379882812
alexnet,16,1653546306867470320,1653546307660116486,792.6046752929688
alexnet,16,1653546309345653809,1653546310137576923,791.8663940429688
alexnet,32,1653546311871734263,1653546312853291371,981.5203857421875
alexnet,32,1653546315345103608,1653546316327456507,982.3160400390625
alexnet,32,1653546318097393968,1653546319079114264,981.6781005859375
alexnet,32,1653546320864661801,1653546321846847502,982.1470947265625
alexnet,64,1653546323623063994,1653546325045973607,1422.8634033203125
alexnet,64,1653546327496125988,1653546328918915413,1422.750732421875
alexnet,64,1653546330719365343,1653546332141867381,1422.4639892578125
alexnet,64,1653546334004947693,1653546335426920216,1421.929443359375
alexnet,128,1653546337920994907,1653546340092736525,2171.701171875
alexnet,128,1653546342214430511,1653546344386907000,2172.44580078125
alexnet,128,1653546346964522038,1653546349144440404,2179.814453125
alexnet,128,1653546351095930369,1653546353275138843,2179.166259765625
alexnet,256,1653546356129317335,1653546359732707427,3603.353515625
alexnet,256,1653546362184723277,1653546365794182681,3609.398193359375
alexnet,256,1653546368376099571,1653546372013988517,3637.866455078125
alexnet,256,1653546374924235233,1653546378595087381,3670.823974609375
alexnet,512,1653546381427290428,1653546388816072679,7388.76953125
alexnet,512,1653546391743066298,1653546399240786582,7497.70849609375
alexnet,512,1653546401961488892,1653546409688897862,7727.42041015625
alexnet,512,1653546412647252570,1653546420491381927,7844.072265625
alexnet,1024,1653546423919781989,1653546439235900733,15316.1611328125
alexnet,1024,1653546442925797686,1653546458571665176,15645.830078125
alexnet,1024,1653546462801141737,1653546478379436167,15578.2783203125
alexnet,1024,1653546482577472998,1653546498253818951,15676.3994140625
nvidia_deeprecommender,1,1653546502957151651,1653546577294971991,74338.4609375
nvidia_deeprecommender,1,1653546581895570384,1653546644270411013,62375.34765625
nvidia_deeprecommender,1,1653546648877239112,1653546711381381959,62504.65234375
nvidia_deeprecommender,1,1653546715937366823,1653546778345041749,62408.1796875
nvidia_deeprecommender,2,1653546782915656336,1653546847801691499,64886.5703125
nvidia_deeprecommender,2,1653546852297753834,1653546917271528113,64974.3046875
nvidia_deeprecommender,2,1653546921857438382,1653546986858636561,65001.72265625
nvidia_deeprecommender,2,1653546991441396642,1653547056678630335,65237.77734375
nvidia_deeprecommender,4,1653547061205428428,1653547126631570926,65426.6875
nvidia_deeprecommender,4,1653547131203518670,1653547196960099401,65757.140625
nvidia_deeprecommender,4,1653547201490045572,1653547266944445033,65454.9140625
nvidia_deeprecommender,4,1653547271536939682,1653547337264736262,65728.3515625
nvidia_deeprecommender,8,1653547341903104855,1653547409874392620,67971.8671875
nvidia_deeprecommender,8,1653547414460401845,1653547482927744772,68467.921875
nvidia_deeprecommender,8,1653547487528809956,1653547555543735319,68015.5078125
nvidia_deeprecommender,8,1653547560184288430,1653547628075270912,67891.5546875
nvidia_deeprecommender,16,1653547632697698201,1653547702829026509,70131.9296875
nvidia_deeprecommender,16,1653547707510834361,1653547777471180979,69960.9375
nvidia_deeprecommender,16,1653547782109650383,1653547852171533615,70062.453125
nvidia_deeprecommender,16,1653547856812406476,1653547926954267191,70142.4296875
nvidia_deeprecommender,32,1653547931599114354,1653548005715444222,74116.9296875
nvidia_deeprecommender,32,1653548010434668985,1653548084214530541,73780.4765625
nvidia_deeprecommender,32,1653548088899345784,1653548162846206262,73947.46875
nvidia_deeprecommender,32,1653548167492611088,1653548240737852985,73245.84375
nvidia_deeprecommender,64,1653548245448391465,1653548335867561270,90419.9296875
nvidia_deeprecommender,64,1653548340653533806,1653548431760298894,91107.53125
nvidia_deeprecommender,64,1653548436438717649,1653548527732755026,91294.7734375
nvidia_deeprecommender,64,1653548532460662132,1653548623827740189,91367.8359375
nvidia_deeprecommender,128,1653548628631593745,1653548758765526336,130135.0546875
nvidia_deeprecommender,128,1653548763565880926,1653548896193536115,132628.796875
nvidia_deeprecommender,128,1653548900982276193,1653549033916533527,132935.390625
nvidia_deeprecommender,128,1653549038741835999,1653549172068270873,133327.578125
nvidia_deeprecommender,256,1653549177186412642,1653549380430073288,203245.484375
nvidia_deeprecommender,256,1653549385476808586,1653549592176635210,206701.71875
nvidia_deeprecommender,256,1653549597216727625,1653549803067309282,205852.46875
nvidia_deeprecommender,256,1653549808100088705,1653550013590988556,205492.765625
nvidia_deeprecommender,512,1653550018958013500,1653550372227625772,353272.84375
nvidia_deeprecommender,512,1653550377796340197,1653550731998283549,354205.1875
nvidia_deeprecommender,512,1653550737527388308,1653551090982052423,353457.875
nvidia_deeprecommender,512,1653551096361832529,1653551448875500243,352516.84375
nvidia_deeprecommender,1024,1653551455177960878,1653552115175519797,660003.625
nvidia_deeprecommender,1024,1653552121528360317,1653552765906503333,644383.625
nvidia_deeprecommender,1024,1653552772105263061,1653553424173195904,652073.8125
nvidia_deeprecommender,1024,1653553430366021093,1653554081217013477,650856.6875
hf_Albert,1,1653554085073186358,1653554088410062324,3336.848388671875
hf_Albert,1,1653554090948306597,1653554094268633952,3320.307861328125
hf_Albert,1,1653554096805757267,1653554100106696272,3300.9130859375
hf_Albert,1,1653554102657178451,1653554105955820561,3298.615234375
hf_Albert,2,1653554108620170134,1653554114611004623,5990.8310546875
hf_Albert,2,1653554117453643791,1653554123499279313,6045.63232421875
hf_Albert,2,1653554126260857320,1653554132453772092,6192.91259765625
hf_Albert,2,1653554135966305447,1653554141930921586,5964.603515625
hf_Albert,4,1653554145740557215,1653554156734060925,10993.5263671875
hf_Albert,4,1653554160609520368,1653554171654248218,11044.759765625
hf_Albert,4,1653554175298344860,1653554186600291023,11301.978515625
hf_Albert,4,1653554190206163449,1653554201415502882,11209.3642578125
hf_Albert,8,1653554205808861737,1653554227956108596,22147.322265625
hf_Albert,8,1653554232301399040,1653554254995909270,22694.564453125
hf_Albert,8,1653554259284763263,1653554281785163274,22500.462890625
hf_Albert,8,1653554286015200892,1653554308783464566,22768.369140625
hf_Albert,16,1653554314388255143,1653554360213705171,45825.72265625
hf_Albert,16,1653554365484334539,1653554411061922415,45577.85546875
hf_Albert,16,1653554416347367524,1653554461983159585,45636.06640625
hf_Albert,16,1653554467320985347,1653554512830211820,45509.49609375
hf_Albert,32,1653554521024824796,1653554610409838495,89385.671875
hf_Albert,32,1653554617788983942,1653554707076876565,89288.515625
hf_Albert,32,1653554714457432979,1653554803280784504,88823.9375
hf_Albert,32,1653554810557288950,1653554899438990056,88882.3046875
resnet50_quantized_qat,1,1653554906128303301,1653554910004478109,3876.14306640625
resnet50_quantized_qat,1,1653554912391419141,1653554916226553733,3835.112548828125
resnet50_quantized_qat,1,1653554918723463359,1653554922560439091,3836.95263671875
resnet50_quantized_qat,1,1653554925255368223,1653554929213887813,3958.489013671875
resnet50_quantized_qat,2,1653554931577838364,1653554935760003801,4182.12451171875
resnet50_quantized_qat,2,1653554938045321336,1653554942074042201,4028.69873046875
resnet50_quantized_qat,2,1653554944546263054,1653554948581359229,4035.073974609375
resnet50_quantized_qat,2,1653554951123191435,1653554955219242246,4096.02783203125
resnet50_quantized_qat,4,1653554957649792210,1653554961757944850,4108.12939453125
resnet50_quantized_qat,4,1653554964013604127,1653554967996987703,3983.350830078125
resnet50_quantized_qat,4,1653554970337578926,1653554974449039268,4111.44189453125
resnet50_quantized_qat,4,1653554976790015737,1653554980931312802,4141.2763671875
resnet50_quantized_qat,8,1653554983523612227,1653554988004630848,4481.0107421875
resnet50_quantized_qat,8,1653554990541355417,1653554994989461855,4448.09814453125
resnet50_quantized_qat,8,1653554997280989179,1653555001761667101,4480.671875
resnet50_quantized_qat,8,1653555004109428685,1653555008613452256,4503.98388671875
resnet50_quantized_qat,16,1653555011002517819,1653555017344256247,6341.74658203125
resnet50_quantized_qat,16,1653555020211777645,1653555026565521001,6353.75390625
resnet50_quantized_qat,16,1653555029085797366,1653555035440967316,6355.16943359375
resnet50_quantized_qat,16,1653555037890482730,1653555044236926402,6346.453125
resnet50_quantized_qat,32,1653555046979397789,1653555057665085646,10685.7353515625
resnet50_quantized_qat,32,1653555060785337113,1653555071939689168,11154.3994140625
resnet50_quantized_qat,32,1653555074611702140,1653555086163275139,11551.6259765625
resnet50_quantized_qat,32,1653555089483807894,1653555101335003491,11851.25
resnet50_quantized_qat,64,1653555104466678559,1653555127410816590,22944.29296875
resnet50_quantized_qat,64,1653555131314584877,1653555152929852122,21615.40625
resnet50_quantized_qat,64,1653555156737009722,1653555180127497306,23390.65234375
resnet50_quantized_qat,64,1653555184040934811,1653555206814311912,22773.541015625
resnet50_quantized_qat,128,1653555211575248336,1653555256876454533,45301.58203125
resnet50_quantized_qat,128,1653555261747076307,1653555306270977356,44524.265625
resnet50_quantized_qat,128,1653555311161578012,1653555355167712180,44006.48828125
resnet50_quantized_qat,128,1653555360072729271,1653555403528416388,43456.03515625
densenet121,1,1653555409619074337,1653555414668547908,5049.44970703125
densenet121,1,1653555418281256623,1653555423313753849,5032.46240234375
densenet121,1,1653555425662742954,1653555430622859969,4960.087890625
densenet121,1,1653555432499909496,1653555437426809248,4926.84912109375
densenet121,2,1653555439010305116,1653555444219769935,5209.443359375
densenet121,2,1653555447822521449,1653555452977360197,5154.79345703125
densenet121,2,1653555455219694259,1653555460458012309,5238.29052734375
densenet121,2,1653555462628542472,1653555467799582943,5170.9921875
densenet121,4,1653555469507948156,1653555474708952502,5200.98095703125
densenet121,4,1653555477606652120,1653555482852519823,5245.8310546875
densenet121,4,1653555484739626514,1653555489918698732,5179.046875
densenet121,4,1653555492350613053,1653555497467310738,5116.66162109375
densenet121,8,1653555499807295007,1653555504947633767,5140.31103515625
densenet121,8,1653555506775846424,1653555511927707768,5151.814453125
densenet121,8,1653555514651397615,1653555519839561032,5188.134765625
densenet121,8,1653555522570685927,1653555527623954887,5053.22412109375
densenet121,16,1653555530530038102,1653555536050549780,5520.49853515625
densenet121,16,1653555538982958320,1653555544547557974,5564.5673828125
densenet121,16,1653555547222619426,1653555552797839494,5575.20166015625
densenet121,16,1653555556199523951,1653555561820481377,5620.94287109375
densenet121,32,1653555564773539150,1653555572766247103,7992.69775390625
densenet121,32,1653555575295181345,1653555583255817975,7960.6259765625
densenet121,32,1653555586151438390,1653555594120032236,7968.60107421875
densenet121,32,1653555596865622751,1653555604833217995,7967.59228515625
densenet121,64,1653555607309365308,1653555621414620618,14105.322265625
densenet121,64,1653555624054518349,1653555638168216959,14113.755859375
densenet121,64,1653555641829608722,1653555656174772775,14345.2119140625
densenet121,64,1653555659444965758,1653555674439276197,14994.3720703125
densenet121,128,1653555678934616800,1653555709096027142,30161.58984375
densenet121,128,1653555713252281863,1653555743395458290,30143.359375
densenet121,128,1653555747338786566,1653555777329516096,29990.9140625
densenet121,128,1653555781532321002,1653555812292991869,30760.8671875
timm_vision_transformer,1,1653555818480599769,1653555820335129389,1854.4598388671875
timm_vision_transformer,1,1653555822127161092,1653555824009660179,1882.4478759765625
timm_vision_transformer,1,1653555825710236111,1653555827560632548,1850.3414306640625
timm_vision_transformer,1,1653555830642580684,1653555832586254203,1943.582763671875
timm_vision_transformer,2,1653555834744760606,1653555836746092697,2001.23291015625
timm_vision_transformer,2,1653555838717376006,1653555840735455340,2018.0316162109375
timm_vision_transformer,2,1653555843747356777,1653555845748832177,2001.4111328125
timm_vision_transformer,2,1653555848474025189,1653555850427474810,1953.3946533203125
timm_vision_transformer,4,1653555853407243110,1653555855355429411,1948.116943359375
timm_vision_transformer,4,1653555858738140391,1653555860635670112,1897.4464111328125
timm_vision_transformer,4,1653555864192329567,1653555866101712056,1909.3001708984375
timm_vision_transformer,4,1653555869071791007,1653555870990325353,1918.4527587890625
timm_vision_transformer,8,1653555873767564585,1653555875906785450,2139.193359375
timm_vision_transformer,8,1653555878611804894,1653555880755045496,2143.204345703125
timm_vision_transformer,8,1653555882779266135,1653555884924027470,2144.733154296875
timm_vision_transformer,8,1653555887452304173,1653555889594953802,2142.625732421875
timm_vision_transformer,16,1653555892609370499,1653555896487268849,3877.87255859375
timm_vision_transformer,16,1653555898934041710,1653555902814320215,3880.265625
timm_vision_transformer,16,1653555906996613546,1653555910894882870,3898.2470703125
timm_vision_transformer,16,1653555913288669080,1653555917261098422,3972.409423828125
timm_vision_transformer,32,1653555920654923281,1653555928344712377,7689.80078125
timm_vision_transformer,32,1653555931146920408,1653555939080765466,7933.86279296875
timm_vision_transformer,32,1653555943017646265,1653555951136947866,8119.310546875
timm_vision_transformer,32,1653555953849103312,1653555962255375472,8406.2978515625
timm_vision_transformer,64,1653555965492710378,1653555981939709272,16447.08203125
timm_vision_transformer,64,1653555985710477548,1653556002573185995,16862.810546875
timm_vision_transformer,64,1653556005851322382,1653556023370162537,17518.931640625
timm_vision_transformer,64,1653556027250659360,1653556044092899190,16842.3359375
timm_vision_transformer,128,1653556048403906802,1653556081192733983,32789.078125
timm_vision_transformer,128,1653556085698100551,1653556119265957508,33568.1015625
timm_vision_transformer,128,1653556125180854531,1653556159637106765,34456.51953125
timm_vision_transformer,128,1653556163742852231,1653556197159972349,33417.375
timm_vision_transformer,256,1653556204455948867,1653556274131659139,69676.2109375
timm_vision_transformer,256,1653556280222151535,1653556349768362463,69546.75
timm_vision_transformer,256,1653556355105043820,1653556424184862391,69080.3359375
timm_vision_transformer,256,1653556429558745353,1653556497901792301,68343.578125
dcgan,1,1653556502488836123,1653556507205139708,4716.267578125
dcgan,1,1653556508655209658,1653556513506186736,4850.931640625
dcgan,1,1653556515053935912,1653556519499520724,4445.55078125
dcgan,1,1653556521160267513,1653556525767483016,4607.17578125
dcgan,2,1653556527119487026,1653556531815999450,4696.478515625
dcgan,2,1653556533147067045,1653556537544004187,4396.904296875
dcgan,2,1653556539240980622,1653556543669178775,4428.17431640625
dcgan,2,1653556545072986346,1653556549547967566,4474.9453125
dcgan,4,1653556550814454886,1653556555293676300,4479.173828125
dcgan,4,1653556556589074017,1653556561075185865,4486.0751953125
dcgan,4,1653556562338758248,1653556566489100500,4150.306640625
dcgan,4,1653556567958255591,1653556571760128547,3801.845703125
dcgan,8,1653556573197100359,1653556577271391515,4074.25732421875
dcgan,8,1653556578656881874,1653556583195296662,4538.37744140625
dcgan,8,1653556584424864347,1653556588822007559,4397.09375
dcgan,8,1653556590134996221,1653556594631146505,4496.09814453125
dcgan,16,1653556595900468206,1653556600302600514,4402.103515625
dcgan,16,1653556601632432268,1653556606058405711,4425.95751953125
dcgan,16,1653556607676777733,1653556612444536869,4767.72265625
dcgan,16,1653556613888285949,1653556618770173337,4881.8515625
dcgan,32,1653556620144354396,1653556626705771636,6561.40185546875
dcgan,32,1653556628126105188,1653556634681468899,6555.34375
dcgan,32,1653556636010138098,1653556642507365542,6497.2255859375
dcgan,32,1653556644301828136,1653556650935835612,6633.994140625
dcgan,64,1653556652764407664,1653556664452071388,11687.6875
dcgan,64,1653556666110561687,1653556678296040197,12185.5224609375
dcgan,64,1653556680411960705,1653556692997838431,12585.9248046875
dcgan,64,1653556694741999322,1653556707654369793,12912.412109375
dcgan,128,1653556709877034019,1653556730066958138,20190.046875
dcgan,128,1653556732370392392,1653556752767324448,20397.06640625
dcgan,128,1653556755304620108,1653556775648866798,20344.373046875
dcgan,128,1653556778264911559,1653556798731848790,20467.060546875
dcgan,256,1653556801903322808,1653556843533503342,41630.5
dcgan,256,1653556847144567709,1653556888628951530,41484.703125
dcgan,256,1653556892191857293,1653556934147060362,41955.53125
dcgan,256,1653556937768696747,1653556979536297208,41767.93359375
dcgan,512,1653556984939984555,1653557066394995149,81455.71875
dcgan,512,1653557071665629466,1653557153110769000,81445.859375
dcgan,512,1653557158508636597,1653557240311272655,81803.375
dcgan,512,1653557245653286815,1653557326873274365,81220.734375
dcgan,1024,1653557335825702549,1653557496006784094,160182.625
dcgan,1024,1653557505144209390,1653557664627007465,159484.328125
dcgan,1024,1653557673978415123,1653557833841810333,159864.921875
dcgan,1024,1653557843116384049,1653558001850376803,158735.5
maml,1,1653558006182036693,1653558067399996734,61218.453125
maml,1,1653558072052186059,1653558131808573986,59756.83203125
maml,1,1653558136009224213,1653558189953010041,53944.1796875
maml,1,1653558193543019662,1653558248224718355,54682.109375
resnet18,1,1653558251505235428,1653558252697178405,1191.8724365234375
resnet18,1,1653558254198667131,1653558255172379954,973.64990234375
resnet18,1,1653558256435398226,1653558257318240481,882.7781372070312
resnet18,1,1653558258552757885,1653558259830633168,1277.79736328125
resnet18,2,1653558261625894633,1653558262932670508,1306.723388671875
resnet18,2,1653558264728359966,1653558265984942542,1256.5238037109375
resnet18,2,1653558267575796285,1653558268880505995,1304.61181640625
resnet18,2,1653558270322431247,1653558271525758817,1203.262451171875
resnet18,4,1653558273383895229,1653558274635413032,1251.4549560546875
resnet18,4,1653558276199431350,1653558277494625898,1295.1275634765625
resnet18,4,1653558279015064241,1653558280335441283,1320.3026123046875
resnet18,4,1653558281815377286,1653558283053402643,1237.9432373046875
resnet18,8,1653558284349152075,1653558285671334666,1322.1058349609375
resnet18,8,1653558287141072075,1653558288458007626,1316.842529296875
resnet18,8,1653558290312050597,1653558291605092360,1292.984375
resnet18,8,1653558293010159082,1653558294262505897,1252.29052734375
resnet18,16,1653558295754423604,1653558296983643811,1229.159423828125
resnet18,16,1653558298297191252,1653558299536062230,1238.8382568359375
resnet18,16,1653558300919186022,1653558302173996000,1254.751220703125
resnet18,16,1653558303452347310,1653558304749649686,1297.21240234375
resnet18,32,1653558306284119812,1653558308341466968,2057.314208984375
resnet18,32,1653558310156393233,1653558312212309396,2055.870361328125
resnet18,32,1653558313848107433,1653558315906642036,2058.50634765625
resnet18,32,1653558317473351057,1653558319532657452,2059.270263671875
resnet18,64,1653558321029423717,1653558324925789318,3896.3466796875
resnet18,64,1653558326641090574,1653558330542666418,3901.56494140625
resnet18,64,1653558332632769675,1653558336534207960,3901.422607421875
resnet18,64,1653558338296587534,1653558342197328799,3900.729248046875
resnet18,128,1653558344014096017,1653558351270581349,7256.48291015625
resnet18,128,1653558353672272405,1653558360938221424,7265.9619140625
resnet18,128,1653558362881556609,1653558370156370421,7274.80517578125
resnet18,128,1653558372907700835,1653558380194984709,7287.28369140625
resnet18,256,1653558383316394259,1653558397310257951,13993.919921875
resnet18,256,1653558399923223598,1653558414605596177,14682.4375
resnet18,256,1653558417526012291,1653558432891868396,15365.833984375
resnet18,256,1653558435968475852,1653558452154521115,16186.091796875
resnet18,512,1653558456406639730,1653558490047560644,33641.078125
resnet18,512,1653558494284076974,1653558528032162658,33748.24609375
resnet18,512,1653558532351493318,1653558566661765986,34310.4765625
resnet18,512,1653558570689243520,1653558605212741888,34523.75
resnet18,1024,1653558612183331595,1653558692658402781,80475.6875
resnet18,1024,1653558699690148924,1653558779780086174,80090.5546875
resnet18,1024,1653558786888354820,1653558866703275899,79815.515625
resnet18,1024,1653558873778381549,1653558954064427207,80286.671875
timm_vovnet,1,1653558956371103539,1653558958078451177,1707.2752685546875
timm_vovnet,1,1653558959543037592,1653558961271675401,1728.5345458984375
timm_vovnet,1,1653558962617469400,1653558964345552355,1728.006103515625
timm_vovnet,1,1653558965921190375,1653558967612760363,1691.503662109375
timm_vovnet,2,1653558969267969783,1653558970975630490,1707.589599609375
timm_vovnet,2,1653558972508326385,1653558974231843833,1723.43701171875
timm_vovnet,2,1653558975603373322,1653558977346100622,1742.6431884765625
timm_vovnet,2,1653558978800325095,1653558980571724832,1771.2701416015625
timm_vovnet,4,1653558981948638210,1653558983719488213,1770.76123046875
timm_vovnet,4,1653558985070183348,1653558986832046542,1761.78173828125
timm_vovnet,4,1653558988236558449,1653558989987840084,1751.2386474609375
timm_vovnet,4,1653558991504453013,1653558993263318852,1758.8214111328125
timm_vovnet,8,1653558994835267755,1653558997066642912,2231.351318359375
timm_vovnet,8,1653558998585669193,1653559000838786454,2253.0908203125
timm_vovnet,8,1653559002296250602,1653559004577802852,2281.5263671875
timm_vovnet,8,1653559006067667704,1653559008360174500,2292.48095703125
timm_vovnet,16,1653559009820783533,1653559013869245233,4048.45361328125
timm_vovnet,16,1653559015359573821,1653559019482472591,4122.88330078125
timm_vovnet,16,1653559021003853617,1653559025162140568,4158.27685546875
timm_vovnet,16,1653559026627760476,1653559030909040156,4281.2734375
timm_vovnet,32,1653559032777051794,1653559041092271445,8315.244140625
timm_vovnet,32,1653559043032110313,1653559051235269334,8203.1455078125
timm_vovnet,32,1653559052908112571,1653559061449578322,8541.4892578125
timm_vovnet,32,1653559063146385128,1653559071790085476,8643.724609375
timm_vovnet,64,1653559073892853274,1653559091046134938,17153.349609375
timm_vovnet,64,1653559093424631551,1653559110343933065,16919.400390625
timm_vovnet,64,1653559112385914653,1653559129297904444,16912.09375
timm_vovnet,64,1653559131895673831,1653559148779777331,16884.208984375
timm_vovnet,128,1653559151449058583,1653559184980078803,33531.2890625
timm_vovnet,128,1653559188406596812,1653559222138865281,33732.4609375
timm_vovnet,128,1653559225458231416,1653559259898200522,34440.21875
timm_vovnet,128,1653559263331726573,1653559297160763856,33829.26171875
timm_vovnet,256,1653559301999360270,1653559371198751837,69199.9375
timm_vovnet,256,1653559376255909169,1653559444205334033,67949.984375
timm_vovnet,256,1653559449429095823,1653559517085030423,67656.46875
timm_vovnet,256,1653559522228402182,1653559589413846064,67185.9765625
hf_Longformer,1,1653559600096504404,1653559611729404451,11632.96484375
hf_Longformer,1,1653559619813144887,1653559631474742567,11661.6533203125
hf_Longformer,1,1653559639424489507,1653559651192276169,11767.8486328125
hf_Longformer,1,1653559659062793486,1653559670723820810,11661.0859375
hf_Longformer,2,1653559679410370284,1653559701715444538,22305.23046875
hf_Longformer,2,1653559710400329782,1653559732879861921,22479.689453125
hf_Longformer,2,1653559741292462238,1653559763965371911,22673.0703125
hf_Longformer,2,1653559771689819550,1653559794334791404,22645.1328125
hf_Longformer,4,1653559803953960870,1653559848983045569,45029.44921875
hf_Longformer,4,1653559858402208514,1653559903999350237,45597.5
hf_Longformer,4,1653559913129861637,1653559958717510056,45588.01953125
hf_Longformer,4,1653559967464006540,1653560013277250017,45813.6171875
hf_Longformer,8,1653560024015519531,1653560119216889580,95202.2734375
hf_Longformer,8,1653560129273586424,1653560222877647619,93604.890625
hf_Longformer,8,1653560233737719832,1653560325437414747,91700.4921875
hf_Longformer,8,1653560336150066680,1653560427915134635,91765.84375
hf_Bert,1,1653560438596572626,1653560442723514679,4126.9287109375
hf_Bert,1,1653560446768148467,1653560450920787374,4152.62841796875
hf_Bert,1,1653560454523128921,1653560458666530168,4143.39599609375
hf_Bert,1,1653560462582804158,1653560466689860588,4107.0478515625
hf_Bert,2,1653560470308152854,1653560477366251246,7058.1103515625
hf_Bert,2,1653560480960548033,1653560488054386516,7093.859375
hf_Bert,2,1653560492091563073,1653560499257528656,7165.98681640625
hf_Bert,2,1653560502762145407,1653560510122616231,7360.48828125
hf_Bert,4,1653560513935348965,1653560526807114282,12871.8408203125
hf_Bert,4,1653560531012682038,1653560544021841379,13009.228515625
hf_Bert,4,1653560548085903469,1653560561268753892,13182.9287109375
hf_Bert,4,1653560565332079075,1653560578646099614,13314.0927734375
hf_Bert,8,1653560583314926199,1653560608910635844,25595.87890625
hf_Bert,8,1653560613966237610,1653560639869782672,25903.71484375
hf_Bert,8,1653560644919084061,1653560670843204967,25924.302734375
hf_Bert,8,1653560675869961457,1653560702029167674,26159.390625
hf_Bert,16,1653560708041154481,1653560761050975055,53010.30078125
hf_Bert,16,1653560767146125632,1653560820453115085,53307.42578125
hf_Bert,16,1653560826601239932,1653560879224511179,52623.734375
hf_Bert,16,1653560885285862833,1653560937843744513,52558.2890625
hf_Bert,32,1653560946260317993,1653561050975187124,104715.765625
hf_Bert,32,1653561059408801524,1653561163792193225,104384.2734375
hf_Bert,32,1653561172350269532,1653561278134098217,105784.734375
hf_Bert,32,1653561286637077646,1653561394760719210,108124.6171875
fastNLP_Bert,1,1653561402546703122,1653561420506220741,17959.63671875
fastNLP_Bert,1,1653561424838486701,1653561442984795128,18146.41796875
fastNLP_Bert,1,1653561446693344495,1653561464580380785,17887.16015625
fastNLP_Bert,1,1653561467712208602,1653561485951953366,18239.83984375
fastNLP_Bert,2,1653561490051894867,1653561522222366859,32170.7265625
fastNLP_Bert,2,1653561526397784345,1653561558265692864,31868.166015625
fastNLP_Bert,2,1653561562572291163,1653561594448759894,31876.732421875
fastNLP_Bert,2,1653561598418331089,1653561630499105460,32080.486328125
fastNLP_Bert,4,1653561635669276881,1653561692379257440,56710.48046875
fastNLP_Bert,4,1653561698192402596,1653561755375344989,57183.43359375
fastNLP_Bert,4,1653561759961277424,1653561816879134100,56916.5234375
fastNLP_Bert,4,1653561822708919306,1653561879550945888,56842.5078125
fastNLP_Bert,8,1653561887098372855,1653562001041585689,113944.21875
fastNLP_Bert,8,1653562008805055655,1653562122884263889,114080.21875
fastNLP_Bert,8,1653562131140550164,1653562245024938449,113885.3984375
fastNLP_Bert,8,1653562253009118934,1653562365932308549,112924.171875
fastNLP_Bert,16,1653562378443223258,1653562598869708376,220428.46875
fastNLP_Bert,16,1653562611886819024,1653562838695598230,226810.84375
fastNLP_Bert,16,1653562852003170445,1653563074867646214,222866.515625
fastNLP_Bert,16,1653563087491735319,1653563306807548740,219317.71875
fastNLP_Bert,32,1653563329449772793,1653563788395728176,458950.34375
fastNLP_Bert,32,1653563811458463567,1653564256051899726,444597.5
fastNLP_Bert,32,1653564278613182761,1653564738657691393,460048.9375
fastNLP_Bert,32,1653564761644433309,1653565208595871814,446955.5625
maml_omniglot,1,1653565218334532817,1653565327466832362,109133.1640625
maml_omniglot,1,1653565334437513392,1653565442182583153,107745.9375
maml_omniglot,1,1653565449146097307,1653565555459588305,106314.375
maml_omniglot,1,1653565562182723040,1653565667693561644,105511.765625
hf_Reformer,1,1653565670836062859,1653565675083358715,4247.28662109375
hf_Reformer,1,1653565676475013762,1653565680627124664,4152.0703125
hf_Reformer,1,1653565681949185681,1653565686209298878,4260.064453125
hf_Reformer,1,1653565687508513391,1653565691779443144,4270.89013671875
hf_Reformer,2,1653565693428663552,1653565700608041890,7179.3671875
hf_Reformer,2,1653565702420233216,1653565709596640410,7176.3857421875
hf_Reformer,2,1653565711223225061,1653565718415246446,7191.9912109375
hf_Reformer,2,1653565719944868674,1653565727127706837,7182.794921875
hf_Reformer,4,1653565728856618201,1653565741594023717,12737.431640625
hf_Reformer,4,1653565743891402791,1653565756657552478,12766.1708984375
hf_Reformer,4,1653565758589123280,1653565771334109607,12744.986328125
hf_Reformer,4,1653565773290054336,1653565786045769713,12755.740234375
hf_Reformer,8,1653565788781842846,1653565814149211064,25367.474609375
hf_Reformer,8,1653565817028839122,1653565844255084876,27226.421875
hf_Reformer,8,1653565847005740203,1653565875439651156,28434.052734375
hf_Reformer,8,1653565878281456577,1653565906767649973,28486.35546875
hf_Reformer,16,1653565911142985764,1653565969379210816,58236.6953125
hf_Reformer,16,1653565973752710235,1653566032486802719,58734.5703125
hf_Reformer,16,1653566037043295770,1653566096126427963,59083.60546875
hf_Reformer,16,1653566100787395697,1653566160438497320,59651.58984375
hf_Reformer,32,1653566168114501160,1653566287699997787,119586.578125
hf_Reformer,32,1653566295210120571,1653566414812569804,119603.515625
hf_Reformer,32,1653566422095553061,1653566542027111635,119932.6640625
hf_Reformer,32,1653566548987522339,1653566668863012680,119876.609375
hf_Reformer,64,1653566682415348195,1653566929126506400,246713.53125
hf_Reformer,64,1653566942063147442,1653567189519163988,247458.390625
hf_Reformer,64,1653567202837066193,1653567448870750511,246036.0
hf_Reformer,64,1653567461823886984,1653567706918684911,245097.078125
timm_regnet,1,1653567713055366155,1653567716842394171,3787.009033203125
timm_regnet,1,1653567718251140795,1653567721955443961,3704.283203125
timm_regnet,1,1653567723361678724,1653567727093962423,3732.250732421875
timm_regnet,1,1653567728527797003,1653567732213181112,3685.36474609375
timm_regnet,2,1653567733604363442,1653567737327945064,3723.548583984375
timm_regnet,2,1653567738726477508,1653567742426996211,3700.495361328125
timm_regnet,2,1653567743820967518,1653567747606110290,3785.11767578125
timm_regnet,2,1653567748980161831,1653567752761585908,3781.402587890625
timm_regnet,4,1653567754176803326,1653567758266155415,4089.335693359375
timm_regnet,4,1653567759659703399,1653567763762892527,4103.171875
timm_regnet,4,1653567765169178351,1653567769211647500,4042.449951171875
timm_regnet,4,1653567770605340112,1653567774636742682,4031.384521484375
timm_regnet,8,1653567776056133633,1653567780527465800,4471.3134765625
timm_regnet,8,1653567781927574467,1653567786390144637,4462.55712890625
timm_regnet,8,1653567787846411086,1653567792296930918,4450.5087890625
timm_regnet,8,1653567793729961290,1653567798200672746,4470.69580078125
timm_regnet,16,1653567799727352162,1653567806424961341,6697.6083984375
timm_regnet,16,1653567807986043374,1653567814680699391,6694.6630859375
timm_regnet,16,1653567816506281840,1653567823197649691,6691.3740234375
timm_regnet,16,1653567825054019700,1653567831782242410,6728.2216796875
timm_regnet,32,1653567833487875954,1653567842434393368,8946.529296875
timm_regnet,32,1653567844173338672,1653567853110307490,8937.0
timm_regnet,32,1653567855200382553,1653567864134426307,8934.076171875
timm_regnet,32,1653567866036985037,1653567874982495920,8945.533203125
timm_regnet,64,1653567877208288976,1653567896710924089,19502.771484375
timm_regnet,64,1653567899497927514,1653567919670267536,20172.46875
timm_regnet,64,1653567921992460555,1653567942722671427,20730.373046875
timm_regnet,64,1653567945610027290,1653567966470937055,20861.048828125
timm_regnet,128,1653567969341899422,1653568001636819830,32295.16796875
timm_regnet,128,1653568005030499620,1653568037107898264,32077.6484375
timm_regnet,128,1653568040582106675,1653568072720915050,32139.05859375
timm_regnet,128,1653568076107755916,1653568108338562754,32231.05859375
timm_regnet,256,1653568113032617444,1653568175462430365,62430.37109375
timm_regnet,256,1653568180311114433,1653568243119954176,62809.3984375
timm_regnet,256,1653568248052363012,1653568310857185057,62805.390625
timm_regnet,256,1653568315835356147,1653568379104062389,63269.28515625
hf_Bart,1,1653568400460800962,1653568407042903851,6582.091796875
hf_Bart,1,1653568415404627396,1653568421655141236,6250.53173828125
hf_Bart,1,1653568429644320151,1653568435796864009,6152.5546875
hf_Bart,1,1653568444151958107,1653568450426524670,6274.5703125
hf_Bart,2,1653568459122189258,1653568468954451584,9832.3017578125
hf_Bart,2,1653568477221669616,1653568487069743322,9848.123046875
hf_Bart,2,1653568495388730263,1653568505181095485,9792.4111328125
hf_Bart,2,1653568513453043759,1653568523942326644,10489.326171875
hf_Bart,4,1653568532416176451,1653568548906904996,16490.830078125
hf_Bart,4,1653568557695253759,1653568574498676314,16803.537109375
hf_Bart,4,1653568583138057645,1653568600394692560,17256.7421875
hf_Bart,4,1653568609215939710,1653568626447104693,17231.27734375
hf_Bart,8,1653568635520753446,1653568667788316949,32267.78125
hf_Bart,8,1653568677313360443,1653568709499958162,32186.826171875
hf_Bart,8,1653568718676667947,1653568751184948695,32508.5078125
hf_Bart,8,1653568760232102514,1653568792777438388,32545.564453125
hf_Bart,16,1653568803391514650,1653568871985584152,68594.6484375
hf_Bart,16,1653568882465341602,1653568951438910673,68974.15625
hf_Bart,16,1653568962445339857,1653569032470662016,70025.9375
hf_Bart,16,1653569043609244244,1653569112581915836,68973.265625
hf_DistilBert,1,1653569124834695576,1653569127275327277,2440.596435546875
hf_DistilBert,1,1653569131883206753,1653569134281033773,2397.792236328125
hf_DistilBert,1,1653569139674133596,1653569142013053256,2338.888671875
hf_DistilBert,1,1653569146087299277,1653569148431270397,2343.9462890625
hf_DistilBert,2,1653569153150193107,1653569157085565540,3935.352783203125
hf_DistilBert,2,1653569161254214978,1653569165220353793,3966.1220703125
hf_DistilBert,2,1653569170162828812,1653569174077456350,3914.609619140625
hf_DistilBert,2,1653569179409652422,1653569183299101823,3889.435791015625
hf_DistilBert,4,1653569188709407611,1653569195638103735,6928.6962890625
hf_DistilBert,4,1653569201466707098,1653569208357796033,6891.09912109375
hf_DistilBert,4,1653569214432051298,1653569221459264555,7027.21533203125
hf_DistilBert,4,1653569227731414321,1653569234778846263,7047.443359375
hf_DistilBert,8,1653569240686234161,1653569254344246532,13658.0751953125
hf_DistilBert,8,1653569260175097006,1653569274367582800,14192.5771484375
hf_DistilBert,8,1653569279852807653,1653569294184245790,14331.5029296875
hf_DistilBert,8,1653569299304293749,1653569313865522487,14561.287109375
hf_DistilBert,16,1653569319574277064,1653569349084755487,29510.71484375
hf_DistilBert,16,1653569354721378569,1653569384574030736,29852.826171875
hf_DistilBert,16,1653569390314303242,1653569420519076127,30204.970703125
hf_DistilBert,16,1653569426366193559,1653569456514824812,30148.826171875
hf_DistilBert,32,1653569463552968763,1653569526388651163,62836.2421875
hf_DistilBert,32,1653569533765377611,1653569597446349553,63681.515625
hf_DistilBert,32,1653569604511036913,1653569668397973570,63887.46875
hf_DistilBert,32,1653569675660785156,1653569738501506813,62841.234375
hf_T5,1,1653569747365192986,1653569754522894288,7157.72314453125
hf_T5,1,1653569758938566440,1653569766062050774,7123.46533203125
hf_T5,1,1653569770233642006,1653569777315623015,7081.98193359375
hf_T5,1,1653569781670239120,1653569788750721079,7080.48779296875
hf_T5,2,1653569793344221519,1653569805161059944,11816.869140625
hf_T5,2,1653569809936757148,1653569821683695999,11746.9765625
hf_T5,2,1653569826144395979,1653569838147106459,12002.7412109375
hf_T5,2,1653569842815510598,1653569854744849207,11929.40234375
hf_T5,4,1653569859740498879,1653569882180976303,22440.599609375
hf_T5,4,1653569887463878626,1653569909843251758,22379.505859375
hf_T5,4,1653569915034754747,1653569938037545022,23002.9140625
hf_T5,4,1653569943238009550,1653569965670586201,22432.701171875
hf_T5,8,1653569971959133044,1653570015261036492,43302.20703125
hf_T5,8,1653570021432203949,1653570064756396214,43324.47265625
hf_T5,8,1653570070869190931,1653570114087639855,43218.7265625
hf_T5,8,1653570120011996584,1653570163939946796,43928.23828125
attention_is_all_you_need_pytorch,1,1653570175925234504,1653570179058494681,3133.222900390625
attention_is_all_you_need_pytorch,1,1653570186399250816,1653570189382248908,2982.94775390625
attention_is_all_you_need_pytorch,1,1653570196456422923,1653570199511158142,3054.700439453125
attention_is_all_you_need_pytorch,1,1653570206636569441,1653570209515643108,2879.037353515625
attention_is_all_you_need_pytorch,2,1653570215851908250,1653570218900377864,3048.438720703125
attention_is_all_you_need_pytorch,2,1653570225040719568,1653570228074692983,3033.932861328125
attention_is_all_you_need_pytorch,2,1653570233982843615,1653570237048891840,3066.018798828125
attention_is_all_you_need_pytorch,2,1653570243129623332,1653570246201472760,3071.81982421875
attention_is_all_you_need_pytorch,4,1653570251623848688,1653570254739577525,3115.702392578125
attention_is_all_you_need_pytorch,4,1653570259665082237,1653570262808788730,3143.66162109375
attention_is_all_you_need_pytorch,4,1653570268122694302,1653570271173349442,3050.639404296875
attention_is_all_you_need_pytorch,4,1653570276707658121,1653570279816900445,3109.224365234375
attention_is_all_you_need_pytorch,8,1653570285041882454,1653570287997028057,2955.104248046875
attention_is_all_you_need_pytorch,8,1653570292561586398,1653570295737381026,3175.755859375
attention_is_all_you_need_pytorch,8,1653570301033288998,1653570304224567690,3191.23974609375
attention_is_all_you_need_pytorch,8,1653570309492933456,1653570312701183168,3208.205322265625
attention_is_all_you_need_pytorch,16,1653570317177806104,1653570320407135748,3229.298583984375
attention_is_all_you_need_pytorch,16,1653570325424885807,1653570328574208674,3149.286376953125
attention_is_all_you_need_pytorch,16,1653570333051247150,1653570336456469156,3405.171630859375
attention_is_all_you_need_pytorch,16,1653570341629164820,1653570344795240616,3166.0400390625
attention_is_all_you_need_pytorch,32,1653570349658432124,1653570352804841487,3146.3740234375
attention_is_all_you_need_pytorch,32,1653570357538797876,1653570360684855502,3146.02294921875
attention_is_all_you_need_pytorch,32,1653570365131480608,1653570368253964526,3122.440185546875
attention_is_all_you_need_pytorch,32,1653570372323642362,1653570375443834944,3120.176025390625
attention_is_all_you_need_pytorch,64,1653570380395298116,1653570385059308678,4663.9697265625
attention_is_all_you_need_pytorch,64,1653570389496957917,1653570394149605154,4652.6455078125
attention_is_all_you_need_pytorch,64,1653570398908282113,1653570403548151269,4639.85986328125
attention_is_all_you_need_pytorch,64,1653570407844488133,1653570412485694751,4641.205078125
attention_is_all_you_need_pytorch,128,1653570417396830931,1653570426763778247,9366.96875
attention_is_all_you_need_pytorch,128,1653570431130379238,1653570440334687072,9204.3349609375
attention_is_all_you_need_pytorch,128,1653570444989939314,1653570454472000126,9482.0712890625
attention_is_all_you_need_pytorch,128,1653570459411817783,1653570468794617537,9382.8134765625
attention_is_all_you_need_pytorch,256,1653570474393387513,1653570493315933030,18922.625
attention_is_all_you_need_pytorch,256,1653570498998777787,1653570518886633260,19887.966796875
attention_is_all_you_need_pytorch,256,1653570524352754701,1653570544811683765,20459.03515625
attention_is_all_you_need_pytorch,256,1653570550125124065,1653570571067723447,20942.720703125
attention_is_all_you_need_pytorch,512,1653570576973564531,1653570615058059276,38084.76171875
attention_is_all_you_need_pytorch,512,1653570621469601817,1653570660038466187,38569.1171875
attention_is_all_you_need_pytorch,512,1653570666531528588,1653570704852404876,38321.13671875
attention_is_all_you_need_pytorch,512,1653570711384862698,1653570750321311491,38936.73828125
Super_SloMo,1,1653570782272145664,1653570797265956185,14993.8740234375
Super_SloMo,1,1653570802093708792,1653570816580298255,14486.65625
Super_SloMo,1,1653570821020070121,1653570835520503354,14500.4755859375
Super_SloMo,1,1653570840006521318,1653570854484434267,14477.9716796875
Super_SloMo,2,1653570859026049162,1653570879742912490,20716.98828125
Super_SloMo,2,1653570883761480549,1653570904933885343,21172.52734375
Super_SloMo,2,1653570909698969691,1653570930773268283,21074.427734375
Super_SloMo,2,1653570935362022490,1653570956747101328,21385.201171875
Super_SloMo,4,1653570962405252412,1653570998095344854,35690.2890625
Super_SloMo,4,1653571003485170024,1653571039404216724,35919.30859375
Super_SloMo,4,1653571044961584074,1653571081326234866,36364.91796875
Super_SloMo,4,1653571087234269724,1653571123497559533,36263.5703125
Super_SloMo,8,1653571130876317091,1653571196556639500,65680.8671875
Super_SloMo,8,1653571203201624066,1653571269575850041,66374.7734375
Super_SloMo,8,1653571276087156501,1653571342375774764,66289.1015625
Super_SloMo,8,1653571350068509672,1653571415458269371,65390.2421875
Super_SloMo,16,1653571423845221018,1653571503220738962,79376.1953125
Super_SloMo,16,1653571510395723709,1653571589443499169,79048.421875
Super_SloMo,16,1653571597714084429,1653571676092953579,78379.4921875
Super_SloMo,16,1653571683432111730,1653571761932846638,78501.359375
Super_SloMo,32,1653571770416600730,1653571849314469937,78898.4453125
Super_SloMo,32,1653571856839202019,1653571936824939466,79986.359375
Super_SloMo,32,1653571943999566606,1653572024403688435,80404.703125
Super_SloMo,32,1653572031709176394,1653572112367084120,80658.4765625
Super_SloMo,64,1653572120071207400,1653572201380305315,81309.8046875
Super_SloMo,64,1653572208943634543,1653572290233136418,81290.1796875
Super_SloMo,64,1653572297641731830,1653572378204233883,80563.15625
Super_SloMo,64,1653572385543916625,1653572465536264284,79993.0546875
Super_SloMo,128,1653572473281108062,1653572552762122410,79481.6953125
Super_SloMo,128,1653572560059383509,1653572639172196236,79113.453125
Super_SloMo,128,1653572646945106875,1653572726034925835,79090.4765625
Super_SloMo,128,1653572733151970868,1653572813293462498,80142.1328125
Super_SloMo,256,1653572820602646129,1653572901038099873,80436.140625
Super_SloMo,256,1653572908395431487,1653572988868556128,80473.8203125
Super_SloMo,256,1653572996061270698,1653573076244951356,80184.3828125
Super_SloMo,256,1653573084141190131,1653573163689865737,79549.359375
Super_SloMo,512,1653573171086363015,1653573250105629078,79019.859375
Super_SloMo,512,1653573258046010171,1653573336674850651,78629.484375
Super_SloMo,512,1653573344029350323,1653573422757449113,78728.6640625
Super_SloMo,512,1653573430437136308,1653573509929745958,79493.265625
Super_SloMo,1024,1653573517232349797,1653573597348454308,80116.734375
Super_SloMo,1024,1653573605238287290,1653573685352111984,80114.453125
Super_SloMo,1024,1653573693049138400,1653573772992793029,79944.3125
Super_SloMo,1024,1653573781025245570,1653573859919182716,78894.5078125
timm_efficientnet,1,1653573862101953316,1653573864437346781,2335.3486328125
timm_efficientnet,1,1653573865764825168,1653573868032592958,2267.724853515625
timm_efficientnet,1,1653573869336908396,1653573871660266497,2323.315673828125
timm_efficientnet,1,1653573872979950262,1653573875229069962,2249.07373046875
timm_efficientnet,2,1653573876544326696,1653573878884450927,2340.08056640625
timm_efficientnet,2,1653573880131380784,1653573882480952968,2349.527099609375
timm_efficientnet,2,1653573883769306987,1653573886091639809,2322.271240234375
timm_efficientnet,2,1653573887365289003,1653573889723647998,2358.317138671875
timm_efficientnet,4,1653573890956543603,1653573893356639866,2400.05126953125
timm_efficientnet,4,1653573894583100223,1653573896905221197,2322.07470703125
timm_efficientnet,4,1653573898117192919,1653573900501200663,2383.964111328125
timm_efficientnet,4,1653573901750357204,1653573904125234581,2374.83203125
timm_efficientnet,8,1653573905369225290,1653573907534402577,2165.13330078125
timm_efficientnet,8,1653573908807746865,1653573911176616240,2368.825439453125
timm_efficientnet,8,1653573912457094196,1653573914846541008,2389.3955078125
timm_efficientnet,8,1653573916064114286,1653573918429280872,2365.1318359375
timm_efficientnet,16,1653573919664037506,1653573922041354814,2377.2744140625
timm_efficientnet,16,1653573923271482830,1653573925658325141,2386.790283203125
timm_efficientnet,16,1653573926916730447,1653573929319418779,2402.662353515625
timm_efficientnet,16,1653573930564513015,1653573932969329052,2404.780029296875
timm_efficientnet,32,1653573934294442554,1653573938047126745,3752.67333984375
timm_efficientnet,32,1653573939419352644,1653573943172830626,3753.466796875
timm_efficientnet,32,1653573944582524212,1653573948334607910,3752.070068359375
timm_efficientnet,32,1653573949753508491,1653573953505572298,3752.052734375
timm_efficientnet,64,1653573954997163677,1653573961808143146,6810.99169921875
timm_efficientnet,64,1653573963448766110,1653573970262358369,6813.60791015625
timm_efficientnet,64,1653573971848367691,1653573978714087008,6865.7294921875
timm_efficientnet,64,1653573980336153402,1653573987384152848,7048.0146484375
timm_efficientnet,128,1653573989205145012,1653574003895498593,14690.431640625
timm_efficientnet,128,1653574005693632185,1653574020537597324,14844.0478515625
timm_efficientnet,128,1653574022438635972,1653574037395612168,14957.0625
timm_efficientnet,128,1653574039867092377,1653574054766152383,14899.1435546875
timm_efficientnet,256,1653574057322335593,1653574088075863980,30753.75
timm_efficientnet,256,1653574091657589073,1653574121785882819,30128.498046875
timm_efficientnet,256,1653574125278904293,1653574155894646796,30615.955078125
timm_efficientnet,256,1653574159449921094,1653574190195440461,30745.728515625
timm_nfnet,1,1653574195003420740,1653574197833714443,2830.2734375
timm_nfnet,1,1653574200026470616,1653574202856540412,2830.04931640625
timm_nfnet,1,1653574204909680744,1653574207720313230,2810.61376953125
timm_nfnet,1,1653574209740914999,1653574212557140251,2816.206787109375
timm_nfnet,2,1653574214681678705,1653574217533799340,2852.095947265625
timm_nfnet,2,1653574219532545327,1653574222393556242,2860.990478515625
timm_nfnet,2,1653574224481074674,1653574227393453508,2912.354248046875
timm_nfnet,2,1653574229703782670,1653574232552436164,2848.6318359375
timm_nfnet,4,1653574234781307787,1653574238926341480,4145.015625
timm_nfnet,4,1653574241166028360,1653574245308805818,4142.76806640625
timm_nfnet,4,1653574247384856799,1653574251526249592,4141.3818359375
timm_nfnet,4,1653574253663977475,1653574257803357801,4139.37255859375
timm_nfnet,8,1653574260015681120,1653574264859866224,4844.18359375
timm_nfnet,8,1653574267333235920,1653574272187895015,4854.66015625
timm_nfnet,8,1653574274504743532,1653574279351406886,4846.66357421875
timm_nfnet,8,1653574281451816650,1653574286299156516,4847.33447265625
timm_nfnet,16,1653574288546479968,1653574295397075826,6850.6142578125
timm_nfnet,16,1653574297993446881,1653574304985252780,6991.82568359375
timm_nfnet,16,1653574307462266393,1653574314551384201,7089.1396484375
timm_nfnet,16,1653574316827690215,1653574324039806740,7212.12841796875
timm_nfnet,32,1653574326543998375,1653574340548714207,14004.8017578125
timm_nfnet,32,1653574343763498924,1653574357808933221,14045.5126953125
timm_nfnet,32,1653574360352792516,1653574374784487849,14431.787109375
timm_nfnet,32,1653574377957608936,1653574392185942986,14228.4228515625
timm_nfnet,64,1653574395380796725,1653574424808019894,29427.455078125
timm_nfnet,64,1653574428702259240,1653574457385017263,28682.96875
timm_nfnet,64,1653574461162408178,1653574489779108372,28616.912109375
timm_nfnet,64,1653574493702614081,1653574522190638645,28488.234375
timm_nfnet,128,1653574527732485552,1653574595596783095,67864.8671875
timm_nfnet,128,1653574601253277379,1653574668399838069,67147.1171875
timm_nfnet,128,1653574674053740175,1653574742541672113,68488.484375
timm_nfnet,128,1653574748128947926,1653574816726344863,68597.9609375
timm_nfnet,256,1653574824655859156,1653574951026474832,126371.703125
timm_nfnet,256,1653574959237219785,1653575085551501816,126315.4140625
timm_nfnet,256,1653575093741217500,1653575221472163910,127732.125
timm_nfnet,256,1653575229635323379,1653575356728817298,127094.6640625
drq,1,1653575364711428312,1653575371689970220,6978.51904296875
drq,1,1653575379874419546,1653575387059566552,7185.119140625
drq,1,1653575395149021491,1653575402193722140,7044.6767578125
drq,1,1653575409410081526,1653575416421435036,7011.34423828125
pytorch_unet,1,1653575419727288053,1653575424573825873,4846.51318359375
pytorch_unet,1,1653575426070669498,1653575430923542506,4852.85595703125
pytorch_unet,1,1653575432715182173,1653575437575864413,4860.6708984375
pytorch_unet,1,1653575439305610033,1653575444209036792,4903.40234375
pytorch_unet,2,1653575445950997646,1653575455632362730,9681.390625
pytorch_unet,2,1653575457758704390,1653575467820136906,10061.474609375
pytorch_unet,2,1653575469679165685,1653575480019335840,10340.1962890625
pytorch_unet,2,1653575481868676037,1653575492454571402,10585.9443359375
pytorch_unet,4,1653575495120000310,1653575516628106734,21508.240234375
pytorch_unet,4,1653575519450781256,1653575541281954221,21831.30859375
pytorch_unet,4,1653575544035593755,1653575566010788561,21975.3203125
pytorch_unet,4,1653575568608964168,1653575590463274657,21854.44921875
pytorch_unet,8,1653575594319551151,1653575638654179580,44334.97265625
pytorch_unet,8,1653575642811411171,1653575687548328491,44737.23828125
pytorch_unet,8,1653575691722989492,1653575736649268850,44926.6171875
pytorch_unet,8,1653575740776473118,1653575786437334216,45661.2109375
BERT_pytorch,1,1653575794026693001,1653575797438124691,3411.409912109375
BERT_pytorch,1,1653575802137462879,1653575805514856591,3377.3681640625
BERT_pytorch,1,1653575810162488059,1653575813484242786,3321.735107421875
BERT_pytorch,1,1653575818001748163,1653575821379719788,3377.94775390625
BERT_pytorch,2,1653575826093133124,1653575829478667093,3385.514892578125
BERT_pytorch,2,1653575833992648709,1653575837359787634,3367.117919921875
BERT_pytorch,2,1653575842144093083,1653575845621463399,3477.347412109375
BERT_pytorch,2,1653575850674518728,1653575854134565699,3460.0263671875
BERT_pytorch,4,1653575859008389910,1653575862916839213,3908.427734375
BERT_pytorch,4,1653575867535171663,1653575871438268046,3903.076416015625
BERT_pytorch,4,1653575875814698892,1653575879723491810,3908.77685546875
BERT_pytorch,4,1653575884453945949,1653575888356888692,3902.919677734375
BERT_pytorch,8,1653575892956820826,1653575899089479873,6132.6572265625
BERT_pytorch,8,1653575903634979758,1653575909779233414,6144.255859375
BERT_pytorch,8,1653575914592290421,1653575920774024275,6181.7353515625
BERT_pytorch,8,1653575925316402481,1653575931569307884,6252.90966796875
BERT_pytorch,16,1653575936333279811,1653575947192103713,10858.8642578125
BERT_pytorch,16,1653575952680226953,1653575963771506449,11091.326171875
BERT_pytorch,16,1653575969005922648,1653575980165757869,11159.8857421875
BERT_pytorch,16,1653575985130163199,1653575996448548515,11318.4248046875
BERT_pytorch,32,1653576001624240270,1653576023152659194,21528.572265625
BERT_pytorch,32,1653576028809081664,1653576050823480754,22014.5390625
BERT_pytorch,32,1653576056786949820,1653576078715734799,21928.931640625
BERT_pytorch,32,1653576084682312378,1653576106680906939,21998.74609375
BERT_pytorch,64,1653576113200609208,1653576156778971079,43578.71484375
BERT_pytorch,64,1653576163742799890,1653576207572423710,43829.96875
BERT_pytorch,64,1653576214514843933,1653576258634852091,44120.359375
BERT_pytorch,64,1653576265563526501,1653576309696757064,44133.578125
BERT_pytorch,128,1653576318366122272,1653576404472964308,86107.5859375
BERT_pytorch,128,1653576413101143165,1653576500037477691,86937.09375
BERT_pytorch,128,1653576508905048810,1653576594817104140,85912.8203125
BERT_pytorch,128,1653576603471015860,1653576688864457851,85394.1875
