model,batch_size,start_time,end_time,duration
mobilenet_v3_large,1,1653527559637362232,1653527561979350429,2341.9697265625
mobilenet_v3_large,1,1653527562434530790,1653527564983176325,2548.631103515625
mobilenet_v3_large,1,1653527565367789111,1653527567867064892,2499.2724609375
mobilenet_v3_large,1,1653527568257964577,1653527570729052290,2471.058837890625
mobilenet_v3_large,2,1653527571131528288,1653527573567584648,2436.0498046875
mobilenet_v3_large,2,1653527573986712603,1653527576550219244,2563.498046875
mobilenet_v3_large,2,1653527576941697751,1653527579489139509,2547.4443359375
mobilenet_v3_large,2,1653527579881202059,1653527582603691949,2722.466064453125
mobilenet_v3_large,4,1653527583361116284,1653527585992485152,2631.3740234375
mobilenet_v3_large,4,1653527586390112776,1653527589012936241,2622.8173828125
mobilenet_v3_large,4,1653527589454213468,1653527592012447560,2558.236572265625
mobilenet_v3_large,4,1653527592563246323,1653527595091325861,2528.0830078125
mobilenet_v3_large,8,1653527595497558864,1653527597954320076,2456.750244140625
mobilenet_v3_large,8,1653527598363223995,1653527600978693303,2615.469970703125
mobilenet_v3_large,8,1653527601380520911,1653527603833269515,2452.742431640625
mobilenet_v3_large,8,1653527604241723015,1653527606832641652,2590.9228515625
mobilenet_v3_large,16,1653527607265658710,1653527609834567321,2568.906005859375
mobilenet_v3_large,16,1653527610297091017,1653527612850893717,2553.80615234375
mobilenet_v3_large,16,1653527613270999749,1653527615760400329,2489.40234375
mobilenet_v3_large,16,1653527616180977859,1653527618680590261,2499.613037109375
mobilenet_v3_large,32,1653527619144040872,1653527621809005226,2664.970947265625
mobilenet_v3_large,32,1653527622297056505,1653527624964213889,2667.162353515625
mobilenet_v3_large,32,1653527625440797298,1653527628111986151,2671.19189453125
mobilenet_v3_large,32,1653527628626912032,1653527631299208445,2672.30224609375
mobilenet_v3_large,64,1653527631937845071,1653527636713813499,4776.01904296875
mobilenet_v3_large,64,1653527637386389672,1653527642167379975,4781.044921875
mobilenet_v3_large,64,1653527642841808026,1653527647620653717,4778.8896484375
mobilenet_v3_large,64,1653527648491830913,1653527653273287180,4781.5126953125
mobilenet_v3_large,128,1653527654244180711,1653527663347131136,9103.1083984375
mobilenet_v3_large,128,1653527664364049606,1653527673480404387,9116.5166015625
mobilenet_v3_large,128,1653527674515341644,1653527683635109940,9119.91796875
mobilenet_v3_large,128,1653527684671415605,1653527693818678359,9147.4228515625
mobilenet_v3_large,256,1653527695477223493,1653527713543224581,18066.376953125
mobilenet_v3_large,256,1653527715481039830,1653527733727519997,18246.880859375
mobilenet_v3_large,256,1653527735455713348,1653527753872426569,18417.103515625
mobilenet_v3_large,256,1653527755602514564,1653527774093067051,18490.95703125
mobilenet_v3_large,512,1653527777457070779,1653527814376396870,36920.21875
mobilenet_v3_large,512,1653527817940582983,1653527855112268705,37164.046875
mobilenet_v3_large,512,1653527858818080978,1653527896072071638,37236.296875
mobilenet_v3_large,512,1653527899537341294,1653527936677085295,37122.1015625
resnet18,1,1653527939818476281,1653527940730871254,911.9189453125
resnet18,1,1653527941192258468,1653527942100932754,908.1873779296875
resnet18,1,1653527942463289298,1653527943372206106,908.4403076171875
resnet18,1,1653527943706175477,1653527944614958673,908.2943115234375
resnet18,2,1653527944954367915,1653527945868502917,913.6567993164062
resnet18,2,1653527946205653975,1653527947120785350,914.6568603515625
resnet18,2,1653527947459160094,1653527948374868493,915.2301635742188
resnet18,2,1653527948715250021,1653527949631174402,915.447998046875
resnet18,4,1653527949972157500,1653527950896274843,923.6317138671875
resnet18,4,1653527951237809369,1653527952161452608,923.1611938476562
resnet18,4,1653527952501491658,1653527953426473659,924.4989624023438
resnet18,4,1653527953774342712,1653527954700441772,925.6199340820312
resnet18,8,1653527955045354036,1653527955994632111,948.7875366210938
resnet18,8,1653527956345818870,1653527957296190511,949.8795776367188
resnet18,8,1653527957723540310,1653527958673773363,949.7364501953125
resnet18,8,1653527959023612589,1653527959972854726,948.749755859375
resnet18,16,1653527960351416798,1653527961690631563,1338.5416259765625
resnet18,16,1653527962068406452,1653527963413411130,1344.3277587890625
resnet18,16,1653527963789136030,1653527965135799633,1345.9862060546875
resnet18,16,1653527965509786175,1653527966857078604,1346.616455078125
resnet18,32,1653527967307379415,1653527969675125255,2366.58349609375
resnet18,32,1653527970153770956,1653527972521939032,2367.007080078125
resnet18,32,1653527972977720394,1653527975346392142,2367.51025390625
resnet18,32,1653527975801878022,1653527978185543318,2382.493408203125
resnet18,64,1653527978786194435,1653527983220099916,4431.767578125
resnet18,64,1653527983829296432,1653527988263469631,4432.03369140625
resnet18,64,1653527988871839711,1653527993316466356,4442.48486328125
resnet18,64,1653527993916522215,1653527998391977245,4473.294921875
resnet18,128,1653527999538033998,1653528008435975695,8893.6943359375
resnet18,128,1653528009374435349,1653528018257693412,8879.01953125
resnet18,128,1653528019237075086,1653528028129487431,8888.16796875
resnet18,128,1653528029076144148,1653528037936817365,8856.4443359375
resnet18,256,1653528039475402814,1653528056917512965,17433.826171875
resnet18,256,1653528058495604720,1653528075937897471,17434.009765625
resnet18,256,1653528077733543626,1653528095190668876,17448.90234375
resnet18,256,1653528096827039815,1653528114279431652,17452.83203125
resnet18,512,1653528117074289880,1653528151076797285,34003.41015625
resnet18,512,1653528154124971671,1653528188180235485,34056.16015625
resnet18,512,1653528191253423674,1653528225250875239,33998.34765625
resnet18,512,1653528228343705569,1653528262313247598,33970.43359375
resnet18,1024,1653528268573353086,1653528347794589532,79223.3984375
attention_is_all_you_need_pytorch,1,1653528361825173205,1653528366174281446,4349.18212890625
attention_is_all_you_need_pytorch,1,1653528373149677546,1653528377485778619,4336.17822265625
attention_is_all_you_need_pytorch,1,1653528384496577158,1653528388852504127,4356.0009765625
attention_is_all_you_need_pytorch,1,1653528395809364604,1653528400146221061,4336.9296875
attention_is_all_you_need_pytorch,2,1653528406453616818,1653528410982036004,4528.49462890625
attention_is_all_you_need_pytorch,2,1653528417575614985,1653528422108787605,4533.24462890625
attention_is_all_you_need_pytorch,2,1653528428354351618,1653528432882736483,4528.45751953125
attention_is_all_you_need_pytorch,2,1653528439108061643,1653528443631544022,4523.55810546875
attention_is_all_you_need_pytorch,4,1653528448576758374,1653528453123150139,4546.4677734375
attention_is_all_you_need_pytorch,4,1653528458004881664,1653528462553234720,4548.4296875
attention_is_all_you_need_pytorch,4,1653528467524473735,1653528472075987284,4551.59130859375
attention_is_all_you_need_pytorch,4,1653528477424598757,1653528481987473121,4562.95166015625
attention_is_all_you_need_pytorch,8,1653528486494569282,1653528491041894318,4547.3994140625
attention_is_all_you_need_pytorch,8,1653528495392521748,1653528499947275301,4554.8134765625
attention_is_all_you_need_pytorch,8,1653528504287521348,1653528508838308502,4550.8603515625
attention_is_all_you_need_pytorch,8,1653528513137673968,1653528517690278574,4552.68310546875
attention_is_all_you_need_pytorch,16,1653528521787545914,1653528526435286418,4647.81494140625
attention_is_all_you_need_pytorch,16,1653528530507690630,1653528535156331916,4648.72265625
attention_is_all_you_need_pytorch,16,1653528539552616262,1653528544216151147,4663.6162109375
attention_is_all_you_need_pytorch,16,1653528548392545321,1653528553048687278,4656.21826171875
attention_is_all_you_need_pytorch,32,1653528557067167672,1653528561710759693,4643.67236328125
attention_is_all_you_need_pytorch,32,1653528565714189327,1653528570349781580,4635.669921875
attention_is_all_you_need_pytorch,32,1653528574325381933,1653528578969739563,4644.43896484375
attention_is_all_you_need_pytorch,32,1653528582892527382,1653528587532579659,4640.12646484375
attention_is_all_you_need_pytorch,64,1653528591407496870,1653528596169722215,4762.31103515625
attention_is_all_you_need_pytorch,64,1653528600411424376,1653528605190150860,4778.8115234375
attention_is_all_you_need_pytorch,64,1653528609161022864,1653528613934177693,4773.2392578125
attention_is_all_you_need_pytorch,64,1653528617942397854,1653528622714661067,4772.345703125
attention_is_all_you_need_pytorch,128,1653528626716651783,1653528635535778808,8819.310546875
attention_is_all_you_need_pytorch,128,1653528639539622127,1653528648440693100,8901.259765625
attention_is_all_you_need_pytorch,128,1653528652450721158,1653528661274943926,8824.4130859375
attention_is_all_you_need_pytorch,128,1653528665919815227,1653528674758689440,8839.06640625
attention_is_all_you_need_pytorch,256,1653528679188279497,1653528696314016270,17126.150390625
attention_is_all_you_need_pytorch,256,1653528700831281725,1653528718039589555,17208.728515625
attention_is_all_you_need_pytorch,256,1653528722554506435,1653528739966743131,17412.662109375
attention_is_all_you_need_pytorch,256,1653528744715585081,1653528762024850078,17309.69921875
attention_is_all_you_need_pytorch,512,1653528767413703284,1653528798608581754,31195.7109375
attention_is_all_you_need_pytorch,512,1653528804089996142,1653528836129505484,32040.353515625
attention_is_all_you_need_pytorch,512,1653528841942034160,1653528874155486821,32214.345703125
attention_is_all_you_need_pytorch,512,1653528879643267236,1653528912012122371,32369.75390625
timm_vision_transformer,1,1653528929515172081,1653528931830671233,2315.5068359375
timm_vision_transformer,1,1653528932493182802,1653528934803155612,2309.98828125
timm_vision_transformer,1,1653528935464045396,1653528937776747411,2312.712158203125
timm_vision_transformer,1,1653528938445794349,1653528940768270332,2322.480224609375
timm_vision_transformer,2,1653528941475512020,1653528943954259138,2478.76513671875
timm_vision_transformer,2,1653528944691460563,1653528947120002251,2428.558837890625
timm_vision_transformer,2,1653528947783412797,1653528950221851041,2438.45166015625
timm_vision_transformer,2,1653528950892030889,1653528953411956269,2519.945068359375
timm_vision_transformer,4,1653528954112207203,1653528956622367695,2510.167724609375
timm_vision_transformer,4,1653528957292580709,1653528959761135073,2468.567138671875
timm_vision_transformer,4,1653528960430903792,1653528962942839325,2511.94384765625
timm_vision_transformer,4,1653528963622744390,1653528966112661327,2489.931884765625
timm_vision_transformer,8,1653528966781740225,1653528969323465997,2541.738037109375
timm_vision_transformer,8,1653528970023524244,1653528972583376010,2559.84814453125
timm_vision_transformer,8,1653528973618131909,1653528976163807198,2545.689453125
timm_vision_transformer,8,1653528976870162962,1653528979423078742,2552.930419921875
timm_vision_transformer,16,1653528980194382332,1653528984101592778,3907.277587890625
timm_vision_transformer,16,1653528984858038099,1653528988766665728,3908.6962890625
timm_vision_transformer,16,1653528989549041466,1653528993465157597,3916.184814453125
timm_vision_transformer,16,1653528994222963886,1653528998148803697,3925.90869140625
timm_vision_transformer,32,1653528999137474175,1653529006587852450,7450.54296875
timm_vision_transformer,32,1653529007538261469,1653529015101054654,7562.96728515625
timm_vision_transformer,32,1653529016036782844,1653529023689396647,7652.7919921875
timm_vision_transformer,32,1653529024627802871,1653529032351755596,7724.1337890625
timm_vision_transformer,64,1653529033627549249,1653529048251158560,14623.990234375
timm_vision_transformer,64,1653529049838176134,1653529064596600524,14758.8056640625
timm_vision_transformer,64,1653529065889045339,1653529080704426152,14815.7744140625
timm_vision_transformer,64,1653529082002539736,1653529096883885011,14881.7333984375
timm_vision_transformer,128,1653529098854468429,1653529128065806198,29212.138671875
timm_vision_transformer,128,1653529130454983362,1653529159456959531,29002.783203125
timm_vision_transformer,128,1653529161465954865,1653529190445064157,28979.912109375
timm_vision_transformer,128,1653529192825786177,1653529221692931501,28867.958984375
timm_vision_transformer,256,1653529224945215893,1653529281017993598,56074.41015625
timm_vision_transformer,256,1653529284681560662,1653529340551034772,55871.12109375
timm_vision_transformer,256,1653529343886528922,1653529399632507637,55747.609375
timm_vision_transformer,256,1653529403322876385,1653529458934223113,55613.109375
vgg16,1,1653529462221430153,1653529464416765991,2195.429443359375
vgg16,1,1653529466699981544,1653529468885573993,2185.678466796875
vgg16,1,1653529470820251212,1653529473006869039,2186.700439453125
vgg16,1,1653529474922722023,1653529477111730628,2189.0947265625
vgg16,2,1653529479050881148,1653529481635510277,2584.731689453125
vgg16,2,1653529483566786931,1653529486153842275,2587.156494140625
vgg16,2,1653529488093159119,1653529490676841127,2583.781494140625
vgg16,2,1653529492609214438,1653529495191889056,2582.77783203125
vgg16,4,1653529497187506586,1653529500508425615,3321.066162109375
vgg16,4,1653529502480961008,1653529505799454835,3318.65087890625
vgg16,4,1653529507768264671,1653529511090510825,3322.40234375
vgg16,4,1653529513090670460,1653529516411067193,3320.55224609375
vgg16,8,1653529518486277063,1653529523237379615,4751.33447265625
vgg16,8,1653529525339917955,1653529530094108729,4754.423828125
vgg16,8,1653529532495819140,1653529537253123041,4757.54443359375
vgg16,8,1653529539344901629,1653529544107978516,4763.322265625
vgg16,16,1653529546301497648,1653529553088763224,6787.619140625
vgg16,16,1653529555273075508,1653529562089780940,6817.0595703125
vgg16,16,1653529564302680348,1653529571134346670,6832.02294921875
vgg16,16,1653529573299206908,1653529580127564089,6828.7080078125
vgg16,32,1653529582584586074,1653529594331701719,11747.7724609375
vgg16,32,1653529597241106472,1653529608989261651,11748.802734375
vgg16,32,1653529611475220074,1653529623277953943,11803.40625
vgg16,32,1653529625721870539,1653529637542856539,11821.646484375
vgg16,64,1653529640589079200,1653529662356732719,21768.93359375
vgg16,64,1653529665747780447,1653529687582395678,21835.857421875
vgg16,64,1653529690684758682,1653529712475748935,21792.265625
vgg16,64,1653529715514314236,1653529737352456387,21839.4140625
vgg16,128,1653529742102641210,1653529784394378525,42294.21484375
vgg16,128,1653529788820033788,1653529831081547461,42264.01171875
vgg16,128,1653529835740359065,1653529877979607079,42241.7421875
vgg16,128,1653529882227890236,1653529924488367468,42262.9140625
maml,1,1653529931830125693,1653529979725649100,47898.25390625
maml,1,1653529982276792107,1653530030375078978,48100.98046875
maml,1,1653530034769662731,1653530081318082811,46551.01171875
maml,1,1653530084359499368,1653530135467859620,51111.203125
maml_omniglot,1,1653530141061551786,1653530241338291337,100282.421875
maml_omniglot,1,1653530246717359008,1653530347429534610,100717.90625
maml_omniglot,1,1653530352725376603,1653530450441241586,97721.4453125
maml_omniglot,1,1653530455487025739,1653530554531217426,99049.140625
mnasnet1_0,1,1653530555688752355,1653530557868252350,2179.50830078125
mnasnet1_0,1,1653530558222202117,1653530560499835237,2277.653076171875
mnasnet1_0,1,1653530560858117046,1653530563018866438,2160.762939453125
mnasnet1_0,1,1653530563374817130,1653530565529405207,2154.6044921875
mnasnet1_0,2,1653530565880860750,1653530568020315599,2139.4697265625
mnasnet1_0,2,1653530568364536849,1653530570501115860,2136.583984375
mnasnet1_0,2,1653530570851521727,1653530572985728252,2134.218017578125
mnasnet1_0,2,1653530573333167441,1653530575481776124,2148.620849609375
mnasnet1_0,4,1653530575845646940,1653530578077184204,2231.55810546875
mnasnet1_0,4,1653530578435152439,1653530580710632925,2275.502197265625
mnasnet1_0,4,1653530581072889828,1653530583416361953,2343.495361328125
mnasnet1_0,4,1653530583787038280,1653530586165484352,2378.47119140625
mnasnet1_0,8,1653530586550219812,1653530588828024151,2277.8251953125
mnasnet1_0,8,1653530589197547581,1653530591423397053,2225.86376953125
mnasnet1_0,8,1653530591790700906,1653530594012758981,2222.0791015625
mnasnet1_0,8,1653530594371006093,1653530596616205360,2245.207275390625
mnasnet1_0,16,1653530596993940719,1653530599143232399,2149.31005859375
mnasnet1_0,16,1653530599532573026,1653530601681583736,2149.027587890625
mnasnet1_0,16,1653530602070135788,1653530604216937780,2146.81982421875
mnasnet1_0,16,1653530604604590536,1653530606838365428,2233.79248046875
mnasnet1_0,32,1653530607282908914,1653530610155024884,2872.1552734375
mnasnet1_0,32,1653530610620690500,1653530613496829068,2876.17919921875
mnasnet1_0,32,1653530613960682952,1653530616837922570,2877.2783203125
mnasnet1_0,32,1653530617716434747,1653530620595779113,2879.37939453125
mnasnet1_0,64,1653530621227590860,1653530626583134008,5355.6630859375
mnasnet1_0,64,1653530627246084436,1653530632610438966,5364.4697265625
mnasnet1_0,64,1653530633281463332,1653530638648318922,5366.97265625
mnasnet1_0,64,1653530639316790277,1653530644691154848,5374.47265625
mnasnet1_0,128,1653530645708009391,1653530656180680816,10472.943359375
mnasnet1_0,128,1653530657255251181,1653530667741713406,10486.7255859375
mnasnet1_0,128,1653530668809047363,1653530679328403022,10519.6318359375
mnasnet1_0,128,1653530680824906430,1653530691357925247,10533.294921875
mnasnet1_0,256,1653530693165751999,1653530714271655532,21106.50390625
mnasnet1_0,256,1653530716116820322,1653530737300593086,21184.37890625
mnasnet1_0,256,1653530739130357974,1653530760381664501,21251.939453125
mnasnet1_0,256,1653530762630758672,1653530784029340907,21399.2109375
mnasnet1_0,512,1653530787411236458,1653530830764993180,43355.1484375
mnasnet1_0,512,1653530834670874491,1653530878524859947,43855.421875
mnasnet1_0,512,1653530881999378627,1653530926151713239,44153.796875
mnasnet1_0,512,1653530929962759705,1653530974117801852,44156.515625
drq,1,1653530986501749659,1653530994549095213,8047.54931640625
drq,1,1653530995982253407,1653531003852352771,7870.318359375
drq,1,1653531004818378430,1653531012624197144,7806.03466796875
drq,1,1653531013591547503,1653531021396349181,7805.009765625
timm_regnet,1,1653531022112716079,1653531026407398617,4294.77490234375
timm_regnet,1,1653531026986596471,1653531031282635580,4296.1298828125
timm_regnet,1,1653531031834096058,1653531036125465250,4291.455078125
timm_regnet,1,1653531036701412050,1653531041004481325,4303.158203125
timm_regnet,2,1653531041608636330,1653531046408518192,4799.98583984375
timm_regnet,2,1653531047003723723,1653531051813359452,4809.74267578125
timm_regnet,2,1653531052409451981,1653531057213104417,4803.759765625
timm_regnet,2,1653531058191760735,1653531063002825711,4811.173828125
timm_regnet,4,1653531063603363497,1653531068528449411,4925.19091796875
timm_regnet,4,1653531069115429991,1653531074035571318,4920.24560546875
timm_regnet,4,1653531074625055970,1653531079541176773,4916.23046875
timm_regnet,4,1653531080128686958,1653531085051095950,4922.52001953125
timm_regnet,8,1653531085648489874,1653531090470014460,4821.630859375
timm_regnet,8,1653531091067723982,1653531095886350569,4818.73291015625
timm_regnet,8,1653531096484225691,1653531101319026114,4834.90771484375
timm_regnet,8,1653531101917585914,1653531106831859398,4914.384765625
timm_regnet,16,1653531107458890246,1653531112501650044,5042.87548828125
timm_regnet,16,1653531113129576586,1653531118189746540,5060.2802734375
timm_regnet,16,1653531119181281720,1653531124218973762,5037.8017578125
timm_regnet,16,1653531124891363911,1653531129933143864,5041.89794921875
timm_regnet,32,1653531130759454750,1653531140283540754,9524.3486328125
timm_regnet,32,1653531141138318433,1653531150666786612,9528.7333984375
timm_regnet,32,1653531151521904567,1653531161059619424,9537.986328125
timm_regnet,32,1653531161911322422,1653531171483155649,9572.1083984375
timm_regnet,64,1653531172703973158,1653531190151579470,17448.1484375
timm_regnet,64,1653531191843146840,1653531209388414347,17545.814453125
timm_regnet,64,1653531210694329304,1653531228345495822,17651.73046875
timm_regnet,64,1653531229621811941,1653531247385049995,17763.814453125
timm_regnet,128,1653531249433520766,1653531283507716317,34075.3515625
timm_regnet,128,1653531285996703729,1653531320186419383,34190.8828125
timm_regnet,128,1653531322355632368,1653531356581210263,34226.76171875
timm_regnet,128,1653531359062611295,1653531393225596813,34164.15625
timm_regnet,256,1653531396903373156,1653531463283221680,66370.0703125
timm_regnet,256,1653531467396305701,1653531533694880111,66267.796875
timm_regnet,256,1653531537880546474,1653531604122168250,66210.8671875
timm_regnet,256,1653531608241462867,1653531674458583524,66186.3984375
timm_vovnet,1,1653531676501518988,1653531677854148835,1351.9647216796875
timm_vovnet,1,1653531678386427241,1653531679738618312,1351.5247802734375
timm_vovnet,1,1653531680273080995,1653531681625379974,1351.6348876953125
timm_vovnet,1,1653531682147787477,1653531683499387186,1350.9349365234375
timm_vovnet,2,1653531684050046459,1653531685443259310,1392.5294189453125
timm_vovnet,2,1653531685977477726,1653531687367528722,1389.368896484375
timm_vovnet,2,1653531687895028968,1653531689282941835,1387.2330322265625
timm_vovnet,2,1653531689812842176,1653531691201015798,1387.4925537109375
timm_vovnet,4,1653531691745643218,1653531693274692460,1528.301513671875
timm_vovnet,4,1653531693813518692,1653531695435613856,1621.3046875
timm_vovnet,4,1653531695979278078,1653531697510324771,1530.2978515625
timm_vovnet,4,1653531698060860393,1653531699594058039,1532.44921875
timm_vovnet,8,1653531700191411736,1653531702705445753,2512.827392578125
timm_vovnet,8,1653531703297849989,1653531705819992952,2520.932861328125
timm_vovnet,8,1653531706404996648,1653531708941428096,2535.217041015625
timm_vovnet,8,1653531709530237301,1653531712076055161,2544.586669921875
timm_vovnet,16,1653531712721530738,1653531716828632536,4105.15576171875
timm_vovnet,16,1653531717504502128,1653531721630591157,4124.1318359375
timm_vovnet,16,1653531722346316905,1653531726485447364,4137.15771484375
timm_vovnet,16,1653531727159526501,1653531731305131429,4145.25830078125
timm_vovnet,32,1653531732144761298,1653531739879734434,7735.19970703125
timm_vovnet,32,1653531741082932687,1653531748851758678,7769.068359375
timm_vovnet,32,1653531749714777775,1653531757483955728,7769.41943359375
timm_vovnet,32,1653531758328489443,1653531766102547970,7774.29248046875
timm_vovnet,64,1653531767317260532,1653531783093885286,15777.1572265625
timm_vovnet,64,1653531784322995957,1653531800121983567,15799.521484375
timm_vovnet,64,1653531801712387813,1653531817459060708,15747.2001953125
timm_vovnet,64,1653531818715481282,1653531834488239741,15773.2880859375
timm_vovnet,128,1653531836438203573,1653531867159326631,30722.22265625
timm_vovnet,128,1653531869440619518,1653531900113021586,30673.517578125
timm_vovnet,128,1653531902076208256,1653531932786683097,30711.576171875
timm_vovnet,128,1653531935095821217,1653531965763615886,30668.90234375
timm_vovnet,256,1653531969508523173,1653532030127832900,60621.546875
timm_vovnet,256,1653532034344438018,1653532094869654138,60527.4765625
timm_vovnet,256,1653532099173290156,1653532159601846344,60430.82421875
timm_vovnet,256,1653532163814527558,1653532224236920423,60424.6640625
hf_DistilBert,1,1653532230832192080,1653532233189541373,2357.3916015625
hf_DistilBert,1,1653532236520931153,1653532238870718912,2349.82275390625
hf_DistilBert,1,1653532242281430286,1653532244624196184,2342.81201171875
hf_DistilBert,1,1653532248010569100,1653532250346357057,2335.835693359375
hf_DistilBert,2,1653532253725604590,1653532257552531799,3827.02587890625
hf_DistilBert,2,1653532261024006604,1653532264851329261,3827.40869140625
hf_DistilBert,2,1653532268303286363,1653532272129757602,3826.56884765625
hf_DistilBert,2,1653532275546427291,1653532279373114732,3826.789306640625
hf_DistilBert,4,1653532282934183516,1653532289579892747,6645.91162109375
hf_DistilBert,4,1653532293605188598,1653532300268246375,6663.2646484375
hf_DistilBert,4,1653532303848910614,1653532310508202984,6659.4990234375
hf_DistilBert,4,1653532314054273711,1653532320720397888,6666.3271484375
hf_DistilBert,8,1653532324628836576,1653532337529234279,12900.7646484375
hf_DistilBert,8,1653532341479971340,1653532354282333516,12802.7978515625
hf_DistilBert,8,1653532358700804786,1653532371753889623,13053.48046875
hf_DistilBert,8,1653532375703612529,1653532388954019249,13250.8193359375
hf_DistilBert,16,1653532393436086113,1653532418786190657,25350.94921875
hf_DistilBert,16,1653532423784478858,1653532449093140282,25309.513671875
hf_DistilBert,16,1653532453578487372,1653532478262574549,24684.998046875
hf_DistilBert,16,1653532482708047627,1653532507359981396,24652.8515625
hf_DistilBert,32,1653532513284974591,1653532562040607937,48757.3671875
hf_DistilBert,32,1653532567756655347,1653532616259564597,48504.67578125
hf_DistilBert,32,1653532622297692599,1653532670751885637,48455.9375
hf_DistilBert,32,1653532676483354702,1653532724907140675,48425.90625
timm_efficientnet,1,1653532754818090437,1653532757463052330,2645.027099609375
timm_efficientnet,1,1653532757827724676,1653532760384776681,2557.113037109375
timm_efficientnet,1,1653532760752545907,1653532763324518105,2572.030517578125
timm_efficientnet,1,1653532763700240402,1653532766283211792,2583.034423828125
timm_efficientnet,2,1653532766679800351,1653532769304106162,2624.37060546875
timm_efficientnet,2,1653532769699667927,1653532772324970668,2625.365966796875
timm_efficientnet,2,1653532772712843983,1653532775284567033,2571.7822265625
timm_efficientnet,2,1653532775682576162,1653532778304971888,2622.4599609375
timm_efficientnet,4,1653532778703462080,1653532781327490446,2624.088134765625
timm_efficientnet,4,1653532781711960571,1653532784367098578,2655.1953125
timm_efficientnet,4,1653532784754118248,1653532787325752354,2571.696044921875
timm_efficientnet,4,1653532788096619805,1653532790685275798,2588.718994140625
timm_efficientnet,8,1653532791120878963,1653532793706461416,2585.644775390625
timm_efficientnet,8,1653532794118856290,1653532796689261537,2570.467041015625
timm_efficientnet,8,1653532797090199558,1653532799665351963,2575.21337890625
timm_efficientnet,8,1653532800028036443,1653532802584803439,2556.8291015625
timm_efficientnet,16,1653532802969681868,1653532805528797573,2559.188720703125
timm_efficientnet,16,1653532805918403250,1653532808467615878,2549.286376953125
timm_efficientnet,16,1653532808857247209,1653532811408832118,2551.657470703125
timm_efficientnet,16,1653532811805485372,1653532814429067401,2623.657958984375
timm_efficientnet,32,1653532814891676149,1653532818968972992,4077.4365234375
timm_efficientnet,32,1653532819465591831,1653532823547394475,4081.9423828125
timm_efficientnet,32,1653532824044650337,1653532828134077069,4089.560302734375
timm_efficientnet,32,1653532828628711836,1653532832726078173,4097.50830078125
timm_efficientnet,64,1653532833382220386,1653532841156926033,7775.0078125
timm_efficientnet,64,1653532841852356600,1653532849648401896,7796.34375
timm_efficientnet,64,1653532850687136309,1653532858537024859,7850.18359375
timm_efficientnet,64,1653532859262911150,1653532867163305089,7900.70654296875
timm_efficientnet,128,1653532868208913391,1653532883777811895,15569.5654296875
timm_efficientnet,128,1653532884900761661,1653532900635003302,15734.921875
timm_efficientnet,128,1653532901748337823,1653532917564237970,15816.583984375
timm_efficientnet,128,1653532919174928217,1653532934992651133,15818.408203125
timm_efficientnet,256,1653532937036534588,1653532968995578832,31960.46875
timm_efficientnet,256,1653532971139029793,1653533003107506522,31969.89453125
timm_efficientnet,256,1653533005696755746,1653533037566433716,31871.068359375
timm_efficientnet,256,1653533039748036495,1653533071589377288,31842.765625
dcgan,1,1653533072841196461,1653533076656641358,3815.561279296875
dcgan,1,1653533077052389392,1653533080342459580,3290.168212890625
dcgan,1,1653533080661825540,1653533083946887826,3285.157958984375
dcgan,1,1653533084260752751,1653533087630493339,3369.840576171875
dcgan,2,1653533087987438903,1653533091662808887,3675.4833984375
dcgan,2,1653533091987905601,1653533095805826860,3818.0380859375
dcgan,2,1653533096145676699,1653533099849992490,3704.4267578125
dcgan,2,1653533100203458130,1653533104531470660,4328.15673828125
dcgan,4,1653533104928764446,1653533109934442747,5005.84619140625
dcgan,4,1653533110338641265,1653533115966438048,5627.97998046875
dcgan,4,1653533116398284324,1653533120950106692,4551.95556640625
dcgan,4,1653533121295153539,1653533125006791371,3711.748779296875
dcgan,8,1653533125362830533,1653533129319770577,3957.066162109375
dcgan,8,1653533129672964615,1653533133631074553,3958.235107421875
dcgan,8,1653533134421230379,1653533140079123016,5658.0634765625
dcgan,8,1653533140450634701,1653533145227755020,4777.265625
dcgan,16,1653533145665654813,1653533150480202844,4814.7109375
dcgan,16,1653533150867444357,1653533155709048681,4841.76904296875
dcgan,16,1653533156091220861,1653533160934651072,4843.59521484375
dcgan,16,1653533161323459380,1653533167687317185,6364.0791015625
dcgan,32,1653533168217659199,1653533175539125038,7321.7373046875
dcgan,32,1653533176067178690,1653533183164594744,7097.6845703125
dcgan,32,1653533183650359386,1653533190844052600,7193.95654296875
dcgan,32,1653533191349064431,1653533198514866745,7166.0712890625
dcgan,64,1653533199648996693,1653533212035837005,12387.35546875
dcgan,64,1653533212805165083,1653533225361432831,12556.7958984375
dcgan,64,1653533226108392692,1653533238697985071,12590.1201171875
dcgan,64,1653533239444434555,1653533252045680772,12601.7734375
dcgan,128,1653533253342702487,1653533278016444783,24674.80859375
dcgan,128,1653533279706032915,1653533304355359165,24650.419921875
dcgan,128,1653533305672057270,1653533330253541721,24582.55859375
dcgan,128,1653533331561049733,1653533356094441548,24534.470703125
dcgan,256,1653533358102569099,1653533392989569055,34888.546875
dcgan,256,1653533394818188611,1653533429677478773,34860.8515625
dcgan,256,1653533431816817006,1653533466478788147,34663.52734375
dcgan,256,1653533468247218099,1653533502785404133,34539.72265625
dcgan,512,1653533506540493141,1653533575775936875,69238.6015625
dcgan,512,1653533579591194139,1653533648700504499,69112.4609375
dcgan,512,1653533652496546653,1653533721512751059,69019.34375
dcgan,512,1653533725353048051,1653533794353084690,69003.1875
dcgan,1024,1653533801352357313,1653533937851726988,136505.671875
dcgan,1024,1653533944851614475,1653534080994644388,136149.3125
dcgan,1024,1653534087917841903,1653534223864155965,135952.59375
dcgan,1024,1653534230848421352,1653534366605894250,135763.734375
vision_maskrcnn,1,1653534372494852536,1653534379151548360,6656.96044921875
vision_maskrcnn,1,1653534382594005590,1653534389227015278,6633.265625
vision_maskrcnn,1,1653534392527943358,1653534399277874004,6750.197265625
vision_maskrcnn,1,1653534402610479642,1653534409332495610,6722.2802734375
vision_maskrcnn,2,1653534412978036291,1653534425883876016,12906.3876953125
vision_maskrcnn,2,1653534429559689448,1653534442451210158,12892.0673828125
vision_maskrcnn,2,1653534446609571927,1653534459142062755,12533.0107421875
vision_maskrcnn,2,1653534462838125927,1653534475954086908,13116.5205078125
vision_maskrcnn,4,1653534480767743353,1653534495493997814,14726.876953125
vision_maskrcnn,4,1653534500383495525,1653534515135308324,14752.4345703125
vision_maskrcnn,4,1653534520294918692,1653534535103865288,14809.5751953125
vision_maskrcnn,4,1653534539962532889,1653534554725711877,14763.8046875
vision_maskrcnn,8,1653534561501852936,1653534577867466771,16366.3056640625
vision_maskrcnn,8,1653534585016417396,1653534601392788832,16377.0224609375
vision_maskrcnn,8,1653534608165423950,1653534624508381953,16343.650390625
vision_maskrcnn,8,1653534631570467394,1653534647802289701,16232.5205078125
timm_nfnet,1,1653534653761950580,1653534657292359366,3530.5302734375
timm_nfnet,1,1653534658693371256,1653534662226871724,3533.621337890625
timm_nfnet,1,1653534663617690004,1653534667150039204,3532.468505859375
timm_nfnet,1,1653534668534913774,1653534672065983461,3531.18896484375
timm_nfnet,2,1653534673494971125,1653534677159788927,3664.944580078125
timm_nfnet,2,1653534678558675296,1653534682223537612,3664.98828125
timm_nfnet,2,1653534683635946784,1653534687300859765,3665.039306640625
timm_nfnet,2,1653534688704296169,1653534692365122171,3660.951416015625
timm_nfnet,4,1653534693784985087,1653534698008137766,4223.29345703125
timm_nfnet,4,1653534699488817758,1653534703671153911,4182.486328125
timm_nfnet,4,1653534705130522922,1653534709295880227,4165.5048828125
timm_nfnet,4,1653534711126191271,1653534715298682007,4172.640625
timm_nfnet,8,1653534716813358720,1653534722330955081,5517.8056640625
timm_nfnet,8,1653534723807306394,1653534729328236433,5521.1396484375
timm_nfnet,8,1653534730819142272,1653534736353969177,5535.0361328125
timm_nfnet,8,1653534737841066729,1653534743392233873,5551.37841796875
timm_nfnet,16,1653534745005192918,1653534753390279820,8385.42578125
timm_nfnet,16,1653534755054993103,1653534763501933061,8447.2841796875
timm_nfnet,16,1653534765160587341,1653534773634203524,8473.9208984375
timm_nfnet,16,1653534775610186782,1653534784113456991,8503.4072265625
timm_nfnet,32,1653534786053057855,1653534800770478838,14717.689453125
timm_nfnet,32,1653534802697112468,1653534817485687548,14788.8359375
timm_nfnet,32,1653534819505956731,1653534834361620459,14855.9345703125
timm_nfnet,32,1653534836699125060,1653534851480303059,14781.4541015625
timm_nfnet,64,1653534854061064169,1653534882375380949,28314.888671875
timm_nfnet,64,1653534885028543885,1653534913390386986,28362.416015625
timm_nfnet,64,1653534916378975758,1653534944630999277,28252.607421875
timm_nfnet,64,1653534947271111058,1653534975579772630,28309.244140625
timm_nfnet,128,1653534980608153830,1653535052205352194,71592.65625
timm_nfnet,128,1653535057327219502,1653535128801483233,71440.1171875
timm_nfnet,128,1653535133917513276,1653535205398755207,71447.109375
timm_nfnet,128,1653535210525765127,1653535281986962622,71427.09375
resnext50_32x4d,1,1653535285340267461,1653535287934199976,2592.6513671875
resnext50_32x4d,1,1653535288800792347,1653535291309286724,2507.25732421875
resnext50_32x4d,1,1653535292032388162,1653535294593779753,2560.12744140625
resnext50_32x4d,1,1653535295318493841,1653535297911984331,2592.208984375
resnext50_32x4d,2,1653535298657390320,1653535301435791910,2777.031494140625
resnext50_32x4d,2,1653535302177079991,1653535304929829869,2751.395263671875
resnext50_32x4d,2,1653535305674931939,1653535308468452779,2792.138427734375
resnext50_32x4d,2,1653535309213396203,1653535311964178477,2749.427734375
resnext50_32x4d,4,1653535312719727386,1653535315688625007,2967.4169921875
resnext50_32x4d,4,1653535316452039852,1653535319439810904,2986.299072265625
resnext50_32x4d,4,1653535320195865825,1653535323187345864,2990.00830078125
resnext50_32x4d,4,1653535323994613737,1653535327019346922,3023.234375
resnext50_32x4d,8,1653535327827321310,1653535331237674199,3408.68408203125
resnext50_32x4d,8,1653535332019857267,1653535335431903450,3410.378173828125
resnext50_32x4d,8,1653535336210809799,1653535339636088069,3423.603271484375
resnext50_32x4d,8,1653535340419925007,1653535343862678642,3441.070556640625
resnext50_32x4d,16,1653535345115887673,1653535350969532179,5850.81103515625
resnext50_32x4d,16,1653535351927978079,1653535357827682370,5896.84912109375
resnext50_32x4d,16,1653535358779113124,1653535364712677367,5930.69482421875
resnext50_32x4d,16,1653535365684075063,1653535371659840866,5975.21826171875
resnext50_32x4d,32,1653535372894075391,1653535383750472737,10856.595703125
resnext50_32x4d,32,1653535385041168079,1653535395962950409,10921.9931640625
resnext50_32x4d,32,1653535397449149857,1653535408373706158,10924.7705078125
resnext50_32x4d,32,1653535409910091191,1653535420825787226,10915.9130859375
resnext50_32x4d,64,1653535422636640611,1653535443432118197,20795.927734375
resnext50_32x4d,64,1653535445324093482,1653535466182466326,20858.822265625
resnext50_32x4d,64,1653535468036501718,1653535488877694289,20841.65234375
resnext50_32x4d,64,1653535490951538297,1653535511730251790,20779.1640625
resnext50_32x4d,128,1653535514786793384,1653535555295065904,40509.21484375
resnext50_32x4d,128,1653535558714249553,1653535599122598117,40409.2890625
resnext50_32x4d,128,1653535602165487539,1653535642646426434,40481.890625
resnext50_32x4d,128,1653535645968172106,1653535686317209434,40349.99609375
pytorch_CycleGAN_and_pix2pix,1,1653535753619167082,1653537098431408354,1344885.375
pytorch_CycleGAN_and_pix2pix,1,1653537162901180986,1653538515842074671,1352998.0
pytorch_CycleGAN_and_pix2pix,1,1653538580327733878,1653539935725051366,1355281.5
pytorch_CycleGAN_and_pix2pix,1,1653540000141630816,1653541345414204815,1345323.75
hf_Albert,1,1653541348363221014,1653541351353305851,2990.1494140625
hf_Albert,1,1653541353168959928,1653541356157304846,2988.40869140625
hf_Albert,1,1653541358004676814,1653541360997850651,2993.240234375
hf_Albert,1,1653541362829706152,1653541365815153025,2985.511962890625
hf_Albert,2,1653541367752270529,1653541373077558612,5325.44580078125
hf_Albert,2,1653541375025253398,1653541380377161114,5352.06494140625
hf_Albert,2,1653541382306360826,1653541387676931847,5370.73095703125
hf_Albert,2,1653541389651649807,1653541395039731531,5388.23193359375
hf_Albert,4,1653541397192006117,1653541407502857598,10311.1640625
hf_Albert,4,1653541410389202583,1653541420730258098,10341.400390625
hf_Albert,4,1653541422924409751,1653541433311083818,10387.013671875
hf_Albert,4,1653541435515225865,1653541445924161911,10409.283203125
hf_Albert,8,1653541448619327471,1653541468660966473,20042.33984375
hf_Albert,8,1653541471788298773,1653541491845102330,20057.498046875
hf_Albert,8,1653541494598673197,1653541514808314288,20210.326171875
hf_Albert,8,1653541517606063039,1653541537839178453,20233.751953125
hf_Albert,16,1653541541958528695,1653541580994047429,39036.875
hf_Albert,16,1653541584729530381,1653541623688511058,38960.3125
hf_Albert,16,1653541627881705660,1653541666890991041,39010.62109375
hf_Albert,16,1653541670682708428,1653541709641767886,38960.4140625
resnet50,1,1653541713761653875,1653541716261256636,2499.6416015625
resnet50,1,1653541717268380774,1653541719664478680,2396.11962890625
resnet50,1,1653541720442183721,1653541722973858896,2531.7138671875
resnet50,1,1653541723764162973,1653541726307383301,2543.25927734375
resnet50,2,1653541727091492286,1653541729712488063,2621.0390625
resnet50,2,1653541730512560050,1653541733089317041,2576.797607421875
resnet50,2,1653541733867823594,1653541736429087793,2561.30517578125
resnet50,2,1653541737439447460,1653541739857141910,2417.727783203125
resnet50,4,1653541740695162720,1653541743271803084,2576.673828125
resnet50,4,1653541744133952392,1653541746621046967,2487.130126953125
resnet50,4,1653541747428083078,1653541749952569597,2524.518310546875
resnet50,4,1653541750768418153,1653541753330700323,2562.3212890625
resnet50,8,1653541754173813035,1653541756772148033,2598.3740234375
resnet50,8,1653541757599631645,1653541760170699135,2571.105224609375
resnet50,8,1653541761003118369,1653541763594064621,2590.986572265625
resnet50,8,1653541764415946070,1653541766970182342,2554.27099609375
resnet50,16,1653541767866209169,1653541771989747641,4123.64697265625
resnet50,16,1653541773258503185,1653541777406582878,4148.19091796875
resnet50,16,1653541778351480082,1653541782525093905,4173.71533203125
resnet50,16,1653541783430066898,1653541787643934186,4213.98486328125
resnet50,32,1653541788752735574,1653541796509615412,7757.13232421875
resnet50,32,1653541797870011007,1653541805678310251,7808.55322265625
resnet50,32,1653541806836082595,1653541814699460180,7863.63427734375
resnet50,32,1653541815832613494,1653541823724446235,7892.09326171875
resnet50,64,1653541825300445076,1653541840289400828,14989.4814453125
resnet50,64,1653541842246637940,1653541857229964710,14983.8603515625
resnet50,64,1653541858811331008,1653541873816702781,15005.9052734375
resnet50,64,1653541875567586468,1653541890546452315,14979.3974609375
resnet50,128,1653541893038049665,1653541922473533985,29436.568359375
resnet50,128,1653541925413825770,1653541954754094345,29341.34765625
resnet50,128,1653541957259486400,1653541986632651898,29374.25
resnet50,128,1653541989439747387,1653542018761329461,29322.66015625
resnet50,256,1653542023172053123,1653542081243120581,58073.2421875
resnet50,256,1653542086298898841,1653542144232209109,57935.48046875
resnet50,256,1653542149103414998,1653542206966679360,57865.3828125
resnet50,256,1653542211778283378,1653542269673322774,57887.5625
densenet121,1,1653542272955307578,1653542278588854286,5630.85595703125
densenet121,1,1653542279588334415,1653542285467109995,5875.9677734375
densenet121,1,1653542286289543273,1653542292113552321,5821.21630859375
densenet121,1,1653542292905330269,1653542298539203097,5631.17236328125
densenet121,2,1653542299551492114,1653542305242085596,5687.8681640625
densenet121,2,1653542306060826761,1653542311849528906,5785.9267578125
densenet121,2,1653542312633998447,1653542318342497528,5705.7568359375
densenet121,2,1653542319124306345,1653542325047359977,5920.21142578125
densenet121,4,1653542325881236346,1653542332132953676,6248.724609375
densenet121,4,1653542333350039601,1653542339329677822,5976.77294921875
densenet121,4,1653542340133622501,1653542346118084037,5981.5771484375
densenet121,4,1653542346927406400,1653542352901338837,5971.06982421875
densenet121,8,1653542353748875468,1653542359987824339,6235.9609375
densenet121,8,1653542360878084254,1653542367220667089,6339.5439453125
densenet121,8,1653542368081776171,1653542374188802994,6104.099609375
densenet121,8,1653542375025097268,1653542381155080635,6127.046875
densenet121,16,1653542382046605163,1653542388675582065,6625.79736328125
densenet121,16,1653542390685973984,1653542397268112362,6578.9912109375
densenet121,16,1653542398580261295,1653542405283411761,6699.93505859375
densenet121,16,1653542406229435882,1653542412907328475,6674.6982421875
densenet121,32,1653542414001895220,1653542423593412480,9586.9599609375
densenet121,32,1653542424687657764,1653542434286240768,9594.021484375
densenet121,32,1653542435388978778,1653542445015737203,9622.1875
densenet121,32,1653542446119276782,1653542455753132174,9629.2802734375
densenet121,64,1653542457314865363,1653542474958438263,17640.279296875
densenet121,64,1653542476913519760,1653542494698291458,17785.251953125
densenet121,64,1653542496335005143,1653542514251108779,17916.603515625
densenet121,64,1653542515905205791,1653542533864929833,17960.240234375
densenet121,128,1653542536454269161,1653542570536946385,34083.71484375
densenet121,128,1653542573685541298,1653542607819918794,34135.41796875
densenet121,128,1653542610489715599,1653542644740752845,34252.09765625
densenet121,128,1653542647815196808,1653542681975774580,34161.62109375
BERT_pytorch,1,1653542689417216892,1653542694399024209,4981.92138671875
BERT_pytorch,1,1653542698115604587,1653542703060796951,4945.30322265625
BERT_pytorch,1,1653542706892091193,1653542711861357360,4969.37744140625
BERT_pytorch,1,1653542715981966617,1653542720948141846,4966.28515625
BERT_pytorch,2,1653542724724312419,1653542729831615093,5107.4140625
BERT_pytorch,2,1653542733552799854,1653542738662760843,5110.0556640625
BERT_pytorch,2,1653542742430124383,1653542747516996704,5086.97998046875
BERT_pytorch,2,1653542751326108204,1653542756437249450,5111.251953125
BERT_pytorch,4,1653542760219816589,1653542765318939802,5099.232421875
BERT_pytorch,4,1653542769024216962,1653542774064303741,5040.19580078125
BERT_pytorch,4,1653542778018654773,1653542783074617498,5056.07275390625
BERT_pytorch,4,1653542786724943170,1653542791804139488,5079.30517578125
BERT_pytorch,8,1653542795607842002,1653542801497996843,5890.28955078125
BERT_pytorch,8,1653542805377089285,1653542811279952579,5902.99755859375
BERT_pytorch,8,1653542815194015703,1653542821096502668,5902.6064453125
BERT_pytorch,8,1653542824952361803,1653542830861456065,5909.22705078125
BERT_pytorch,16,1653542834892127219,1653542845134455977,10242.6005859375
BERT_pytorch,16,1653542849475264241,1653542859729353084,10254.3603515625
BERT_pytorch,16,1653542863732544191,1653542874000576766,10268.3056640625
BERT_pytorch,16,1653542878030367696,1653542888311767860,10281.6767578125
BERT_pytorch,32,1653542892755223315,1653542911883822997,19129.142578125
BERT_pytorch,32,1653542916777948624,1653542936085348568,19307.96875
BERT_pytorch,32,1653542940480984441,1653542960149781572,19669.384765625
BERT_pytorch,32,1653542964600052134,1653542984327151468,19727.69140625
BERT_pytorch,64,1653542989975379282,1653543027652907491,37678.66015625
BERT_pytorch,64,1653543032966124266,1653543069787459481,36822.484375
BERT_pytorch,64,1653543075525952926,1653543113474157994,37949.38671875
BERT_pytorch,64,1653543118908931324,1653543156621000344,37713.234375
BERT_pytorch,128,1653543163809546157,1653543234093011374,70285.78125
BERT_pytorch,128,1653543241585184904,1653543312404447192,70822.5625
BERT_pytorch,128,1653543319862326160,1653543390809226894,70950.1875
BERT_pytorch,128,1653543398391157999,1653543468162377835,69774.4609375
hf_T5,1,1653543476632264149,1653543483274305731,6642.28759765625
hf_T5,1,1653543486676502627,1653543493316521779,6640.2705078125
hf_T5,1,1653543496607959070,1653543503278376613,6670.662109375
hf_T5,1,1653543506557344628,1653543513233018639,6675.9169921875
hf_T5,2,1653543516718808819,1653543527855440004,11137.0888671875
hf_T5,2,1653543531352853444,1653543542563086661,11210.7109375
hf_T5,2,1653543546422242685,1653543557666498836,11244.736328125
hf_T5,2,1653543561086812625,1653543572375358566,11289.029296875
hf_T5,4,1653543576285856185,1653543597827356258,21542.431640625
hf_T5,4,1653543602034879419,1653543623663329056,21629.384765625
hf_T5,4,1653543627988257433,1653543649617238327,21629.916015625
hf_T5,4,1653543653643496782,1653543675317814406,21675.2578125
hf_T5,8,1653543680241452625,1653543721479914820,41240.296875
hf_T5,8,1653543727394852588,1653543769025733446,41632.6875
hf_T5,8,1653543787843080641,1653543828977969891,41136.6328125
hf_T5,8,1653543834346145285,1653543876556922723,42212.6015625
shufflenet_v2_x1_0,1,1653543880398440530,1653543882742365116,2343.973876953125
shufflenet_v2_x1_0,1,1653543883284565207,1653543885630842109,2346.32275390625
shufflenet_v2_x1_0,1,1653543885977686566,1653543888441000707,2463.35693359375
shufflenet_v2_x1_0,1,1653543888788997594,1653543891323575740,2534.629638671875
shufflenet_v2_x1_0,2,1653543892046096565,1653543894567819278,2521.775146484375
shufflenet_v2_x1_0,2,1653543894916723144,1653543897447580930,2530.91015625
shufflenet_v2_x1_0,2,1653543897793036826,1653543900338928442,2545.949462890625
shufflenet_v2_x1_0,2,1653543900678404365,1653543903246886636,2568.538330078125
shufflenet_v2_x1_0,4,1653543903596622025,1653543906148654189,2552.088134765625
shufflenet_v2_x1_0,4,1653543906513843645,1653543909142573039,2628.783447265625
shufflenet_v2_x1_0,4,1653543909495688233,1653543912075959288,2580.326904296875
shufflenet_v2_x1_0,4,1653543912427906754,1653543914995089560,2567.225341796875
shufflenet_v2_x1_0,8,1653543915343469797,1653543917789517181,2446.097900390625
shufflenet_v2_x1_0,8,1653543918143262805,1653543920590931468,2447.720458984375
shufflenet_v2_x1_0,8,1653543920945440147,1653543923391186046,2445.796142578125
shufflenet_v2_x1_0,8,1653543923739912504,1653543926318897725,2579.040771484375
shufflenet_v2_x1_0,16,1653543926689184561,1653543929259626875,2570.49658203125
shufflenet_v2_x1_0,16,1653543929636744004,1653543932195671664,2558.980224609375
shufflenet_v2_x1_0,16,1653543932574712022,1653543935153393526,2578.737060546875
shufflenet_v2_x1_0,16,1653543935556163822,1653543938134487210,2578.378662109375
shufflenet_v2_x1_0,32,1653543938555170465,1653543941154326734,2599.211669921875
shufflenet_v2_x1_0,32,1653543941586630902,1653543944176203921,2589.62744140625
shufflenet_v2_x1_0,32,1653543944596876802,1653543947253907084,2657.088623046875
shufflenet_v2_x1_0,32,1653543947665977344,1653543950235048840,2569.1279296875
shufflenet_v2_x1_0,64,1653543950707050142,1653543953253955587,2546.960205078125
shufflenet_v2_x1_0,64,1653543954137144110,1653543956694207405,2557.1123046875
shufflenet_v2_x1_0,64,1653543957210073616,1653543959773943912,2563.925537109375
shufflenet_v2_x1_0,64,1653543960259662785,1653543962854917197,2595.304931640625
shufflenet_v2_x1_0,128,1653543963532342012,1653543967697629709,4165.40478515625
shufflenet_v2_x1_0,128,1653543968421731213,1653543972588760065,4167.14697265625
shufflenet_v2_x1_0,128,1653543973301919912,1653543977475506452,4173.7119140625
shufflenet_v2_x1_0,128,1653543978176559078,1653543982351188231,4174.75537109375
shufflenet_v2_x1_0,256,1653543983448485802,1653543991379249742,7931.04150390625
shufflenet_v2_x1_0,256,1653543992512120733,1653544000453704979,7941.87548828125
shufflenet_v2_x1_0,256,1653544001595968227,1653544009550519515,7954.84130859375
shufflenet_v2_x1_0,256,1653544010704270174,1653544018709467067,8005.4892578125
shufflenet_v2_x1_0,512,1653544020970155958,1653544036772567789,15803.037109375
shufflenet_v2_x1_0,512,1653544038810450461,1653544054725408488,15915.6005859375
shufflenet_v2_x1_0,512,1653544056736671728,1653544072733606352,15997.5927734375
shufflenet_v2_x1_0,512,1653544074759309993,1653544090781194537,16022.537109375
shufflenet_v2_x1_0,1024,1653544095103281736,1653544127136278014,32034.3671875
shufflenet_v2_x1_0,1024,1653544131136611748,1653544163295714297,32160.478515625
shufflenet_v2_x1_0,1024,1653544167708456862,1653544199812532197,32105.451171875
shufflenet_v2_x1_0,1024,1653544203833394238,1653544235909369085,32077.3359375
hf_Bart,1,1653544244651375785,1653544250096966990,5445.7958984375
hf_Bart,1,1653544257883290679,1653544263281440152,5398.24072265625
hf_Bart,1,1653544271242587566,1653544276741531974,5499.03759765625
hf_Bart,1,1653544284597030122,1653544290005566574,5408.6162109375
hf_Bart,2,1653544298011004794,1653544306152584066,8141.73388671875
hf_Bart,2,1653544314567916689,1653544322733325631,8165.56201171875
hf_Bart,2,1653544330748540972,1653544338909535501,8161.14697265625
hf_Bart,2,1653544346913955002,1653544355077082273,8163.271484375
hf_Bart,4,1653544363363782318,1653544377787451382,14423.97265625
hf_Bart,4,1653544386425073027,1653544400876405412,14451.638671875
hf_Bart,4,1653544409181026199,1653544423648618893,14467.8994140625
hf_Bart,4,1653544431956144008,1653544446429908320,14474.072265625
hf_Bart,8,1653544455630772840,1653544483081519782,27451.357421875
hf_Bart,8,1653544492159499898,1653544520274402058,28115.505859375
hf_Bart,8,1653544529637077285,1653544557398071046,27761.6328125
hf_Bart,8,1653544566378541267,1653544594265342515,27887.40234375
resnet50_quantized_qat,1,1653544608178436666,1653544612698139462,4519.76611328125
resnet50_quantized_qat,1,1653544614543377112,1653544619237186666,4693.875
resnet50_quantized_qat,1,1653544620904010143,1653544625687929371,4783.986328125
resnet50_quantized_qat,1,1653544627350948512,1653544632078005221,4727.12060546875
resnet50_quantized_qat,2,1653544633735436087,1653544638576816254,4841.4443359375
resnet50_quantized_qat,2,1653544640232269306,1653544645049242467,4817.03759765625
resnet50_quantized_qat,2,1653544646736499040,1653544651545159613,4808.72265625
resnet50_quantized_qat,2,1653544653231413083,1653544658005020854,4773.6708984375
resnet50_quantized_qat,4,1653544660025798920,1653544664865518933,4839.78125
resnet50_quantized_qat,4,1653544666585500469,1653544671452904347,4867.46533203125
resnet50_quantized_qat,4,1653544673137148775,1653544677935843571,4798.7587890625
resnet50_quantized_qat,4,1653544679607947162,1653544684428623936,4820.7333984375
resnet50_quantized_qat,8,1653544686128315378,1653544691248662996,5120.43212890625
resnet50_quantized_qat,8,1653544692947513613,1653544697994095713,5046.65087890625
resnet50_quantized_qat,8,1653544699688673533,1653544704740810036,5052.2060546875
resnet50_quantized_qat,8,1653544706436986532,1653544711455343880,5018.423828125
resnet50_quantized_qat,16,1653544713223475333,1653544720448259390,7224.91845703125
resnet50_quantized_qat,16,1653544722660247229,1653544729888569534,7228.455078125
resnet50_quantized_qat,16,1653544731724398626,1653544738969902567,7245.6396484375
resnet50_quantized_qat,16,1653544740782826906,1653544748045726224,7263.03955078125
resnet50_quantized_qat,32,1653544750109961783,1653544762658664361,12548.9755859375
resnet50_quantized_qat,32,1653544764769147222,1653544777403178400,12634.310546875
resnet50_quantized_qat,32,1653544779531281733,1653544792235255121,12704.2568359375
resnet50_quantized_qat,32,1653544794726179921,1653544807474153795,12748.2509765625
resnet50_quantized_qat,64,1653544810222425986,1653544833892932954,23671.080078125
resnet50_quantized_qat,64,1653544836682898829,1653544860449585796,23767.26171875
resnet50_quantized_qat,64,1653544863701296226,1653544887507456035,23806.744140625
resnet50_quantized_qat,64,1653544890321626275,1653544914127290943,23806.248046875
hf_GPT2,1,1653544924154898763,1653544928948150693,4793.33154296875
hf_GPT2,1,1653544936850013355,1653544941630478309,4780.5458984375
hf_GPT2,1,1653544949187562736,1653544953963836305,4776.3515625
hf_GPT2,1,1653544961388766220,1653544966164379628,4775.69580078125
hf_GPT2,2,1653544973841920587,1653544981653512512,7811.74755859375
hf_GPT2,2,1653544989285432954,1653544997104296986,7819.009765625
hf_GPT2,2,1653545004868226348,1653545012682358121,7814.28564453125
hf_GPT2,2,1653545020246181638,1653545028063057015,7817.02587890625
hf_GPT2,4,1653545035891841354,1653545049871230684,13979.69921875
hf_GPT2,4,1653545058037169308,1653545072033789153,13996.9208984375
hf_GPT2,4,1653545080135140122,1653545094147577164,14012.7509765625
hf_GPT2,4,1653545102130108883,1653545116150969456,14021.1767578125
hf_GPT2,8,1653545124720864312,1653545151667053177,26946.787109375
hf_GPT2,8,1653545160487439900,1653545187614891866,27128.052734375
hf_GPT2,8,1653545196350636536,1653545223386463937,27036.427734375
hf_GPT2,8,1653545232198697978,1653545259636392297,27438.30078125
nvidia_deeprecommender,1,1653545274614847694,1653545360076075309,85463.453125
nvidia_deeprecommender,1,1653545364409220807,1653545449872351237,85465.375
nvidia_deeprecommender,1,1653545453887288896,1653545539346562381,85461.5234375
nvidia_deeprecommender,1,1653545543511275089,1653545628970900768,85461.875
nvidia_deeprecommender,2,1653545633114404615,1653545722467601953,89355.5703125
nvidia_deeprecommender,2,1653545726645895753,1653545815997448162,89353.9296875
nvidia_deeprecommender,2,1653545820171263531,1653545909547295739,89353.171875
nvidia_deeprecommender,2,1653545913771461306,1653546003168482863,89354.7578125
nvidia_deeprecommender,4,1653546007271580274,1653546101355012337,94038.9765625
nvidia_deeprecommender,4,1653546105551080441,1653546199591541420,94029.9609375
nvidia_deeprecommender,4,1653546203686605164,1653546297729098038,94045.0859375
nvidia_deeprecommender,4,1653546302042247510,1653546396082384879,94042.734375
nvidia_deeprecommender,8,1653546400267777069,1653546494765652061,94499.4296875
nvidia_deeprecommender,8,1653546499047173487,1653546593544139337,94498.4296875
nvidia_deeprecommender,8,1653546597720305997,1653546692217211774,94498.40625
nvidia_deeprecommender,8,1653546696325618352,1653546790820152924,94496.0625
nvidia_deeprecommender,16,1653546794966508779,1653546886987742125,92022.7421875
nvidia_deeprecommender,16,1653546891201594465,1653546983207329532,92007.265625
nvidia_deeprecommender,16,1653546987341325010,1653547079351428938,92011.6484375
nvidia_deeprecommender,16,1653547083596645958,1653547175604513532,92009.4375
nvidia_deeprecommender,32,1653547179865965519,1653547275122436699,95258.1328125
nvidia_deeprecommender,32,1653547279379600281,1653547374633743346,95255.84375
nvidia_deeprecommender,32,1653547378914372191,1653547474164110341,95251.4453125
nvidia_deeprecommender,32,1653547478465528885,1653547573699410358,95238.1875
nvidia_deeprecommender,64,1653547578053939262,1653547696662477277,118613.890625
nvidia_deeprecommender,64,1653547701048803176,1653547819671302589,118627.8046875
nvidia_deeprecommender,64,1653547823926914894,1653547942517366633,118595.7109375
nvidia_deeprecommender,64,1653547946951332695,1653548065509101054,118562.9765625
nvidia_deeprecommender,128,1653548070184684929,1653548211219761075,141041.21875
nvidia_deeprecommender,128,1653548215768651452,1653548357387039149,141624.5
nvidia_deeprecommender,128,1653548361905329998,1653548503482705733,141583.421875
nvidia_deeprecommender,128,1653548508054668475,1653548649539915408,141490.28125
nvidia_deeprecommender,256,1653548654395449550,1653548853406030174,199016.984375
nvidia_deeprecommender,256,1653548858323298479,1653549057280603596,198963.671875
nvidia_deeprecommender,256,1653549062125849559,1653549261238325168,199118.84375
nvidia_deeprecommender,256,1653549266141669607,1653549465502514657,199367.203125
nvidia_deeprecommender,512,1653549470939921774,1653549797430508179,326413.75
nvidia_deeprecommender,512,1653549802865942981,1653550128543380727,325690.28125
nvidia_deeprecommender,512,1653550133879378962,1653550459418931152,325552.125
nvidia_deeprecommender,512,1653550464859630461,1653550790506938084,325658.65625
nvidia_deeprecommender,1024,1653550797484956608,1653551367269882736,569800.0
nvidia_deeprecommender,1024,1653551374120028546,1653551941454346993,567349.5625
nvidia_deeprecommender,1024,1653551948641294415,1653552516621423439,567995.5625
nvidia_deeprecommender,1024,1653552523435285320,1653553091433114318,567997.875
mobilenet_v2_quantized_qat,1,1653553093541368398,1653553098276308617,4732.59033203125
mobilenet_v2_quantized_qat,1,1653553099596948934,1653553104006412330,4407.26904296875
mobilenet_v2_quantized_qat,1,1653553105318365091,1653553109909029126,4588.36181640625
mobilenet_v2_quantized_qat,1,1653553111190934159,1653553115826603158,4633.36328125
mobilenet_v2_quantized_qat,2,1653553117166086930,1653553121884651713,4716.21484375
mobilenet_v2_quantized_qat,2,1653553123179805956,1653553128083166649,4900.91845703125
mobilenet_v2_quantized_qat,2,1653553129480232263,1653553134332537403,4849.88330078125
mobilenet_v2_quantized_qat,2,1653553135647890185,1653553140261715361,4611.52490234375
mobilenet_v2_quantized_qat,4,1653553141640050246,1653553146426943101,4784.5048828125
mobilenet_v2_quantized_qat,4,1653553147771359788,1653553152485090003,4711.373046875
mobilenet_v2_quantized_qat,4,1653553154237653499,1653553158764364364,4524.44775390625
mobilenet_v2_quantized_qat,4,1653553160126767649,1653553164985290858,4856.1025390625
mobilenet_v2_quantized_qat,8,1653553166392128704,1653553171055469215,4661.005859375
mobilenet_v2_quantized_qat,8,1653553172464766333,1653553177660148862,5192.77978515625
mobilenet_v2_quantized_qat,8,1653553179077202258,1653553183933350545,4853.71533203125
mobilenet_v2_quantized_qat,8,1653553185317307067,1653553190190651395,4870.912109375
mobilenet_v2_quantized_qat,16,1653553191562056924,1653553196520739057,4956.2109375
mobilenet_v2_quantized_qat,16,1653553197897703855,1653553202916783349,5016.576171875
mobilenet_v2_quantized_qat,16,1653553204346762040,1653553209568163578,5218.7998046875
mobilenet_v2_quantized_qat,16,1653553210996057408,1653553216156182865,5157.55419921875
mobilenet_v2_quantized_qat,32,1653553218137218544,1653553225293474554,7152.71240234375
mobilenet_v2_quantized_qat,32,1653553226842060488,1653553234019935015,7174.3193359375
mobilenet_v2_quantized_qat,32,1653553235592195459,1653553242807988581,7212.224609375
mobilenet_v2_quantized_qat,32,1653553244365089752,1653553251592803183,7224.1455078125
mobilenet_v2_quantized_qat,64,1653553253449916999,1653553265757997068,12302.0380859375
mobilenet_v2_quantized_qat,64,1653553267663461261,1653553280053959883,12384.416015625
mobilenet_v2_quantized_qat,64,1653553282276398406,1653553294659881866,12377.4052734375
mobilenet_v2_quantized_qat,64,1653553296592040810,1653553309057004864,12458.84375
mobilenet_v2_quantized_qat,128,1653553311648646168,1653553334991252462,23339.580078125
mobilenet_v2_quantized_qat,128,1653553337597956592,1653553360994624477,23396.9453125
mobilenet_v2_quantized_qat,128,1653553364031503641,1653553387419163354,23387.958984375
mobilenet_v2_quantized_qat,128,1653553390009228225,1653553413449182522,23440.24609375
LearningToPaint,1,1653553418661499065,1653553420180095077,1518.5616455078125
LearningToPaint,1,1653553422743148413,1653553424192871879,1449.6884765625
LearningToPaint,1,1653553427445110091,1653553428924885088,1479.74169921875
LearningToPaint,1,1653553431455517207,1653553432895673339,1440.120361328125
LearningToPaint,2,1653553435556260457,1653553437134437759,1578.1448974609375
LearningToPaint,2,1653553439899289599,1653553441419806862,1520.4833984375
LearningToPaint,2,1653553444196070825,1653553445691736954,1495.6309814453125
LearningToPaint,2,1653553448437186368,1653553449908294532,1471.0745849609375
LearningToPaint,4,1653553452874873541,1653553454479614507,1604.6981201171875
LearningToPaint,4,1653553457436262367,1653553458976216990,1539.9085693359375
LearningToPaint,4,1653553461902952743,1653553463667338537,1764.345458984375
LearningToPaint,4,1653553466685310011,1653553468242874806,1557.5206298828125
LearningToPaint,8,1653553471568898367,1653553473370529914,1801.5849609375
LearningToPaint,8,1653553476631255065,1653553478268677325,1637.3731689453125
LearningToPaint,8,1653553481484128226,1653553483127973764,1643.8016357421875
LearningToPaint,8,1653553486280325249,1653553488096219267,1815.8516845703125
LearningToPaint,16,1653553491777593724,1653553494091156399,2313.52587890625
LearningToPaint,16,1653553497332608374,1653553499070551778,1737.9007568359375
LearningToPaint,16,1653553502327537762,1653553504130016464,1802.4288330078125
LearningToPaint,16,1653553507392397470,1653553509096462965,1704.0196533203125
LearningToPaint,32,1653553512853079422,1653553516468079548,3614.938232421875
LearningToPaint,32,1653553522367549664,1653553525248565887,2880.970458984375
LearningToPaint,32,1653553529242650357,1653553531940399307,2697.7060546875
LearningToPaint,32,1653553535645988346,1653553538590621675,2944.600830078125
LearningToPaint,64,1653553542946701349,1653553548836585716,5889.88623046875
LearningToPaint,64,1653553552778686587,1653553557501233076,4722.552734375
LearningToPaint,64,1653553561598956967,1653553566172542443,4573.5751953125
LearningToPaint,64,1653553570245972672,1653553575216248793,4970.25927734375
LearningToPaint,128,1653553580431472424,1653553593956648253,13525.28515625
LearningToPaint,128,1653553600160068197,1653553610044736653,9884.703125
LearningToPaint,128,1653553614748516931,1653553623908612785,9160.1279296875
LearningToPaint,128,1653553628229428802,1653553637115148094,8885.775390625
LearningToPaint,256,1653553642445857083,1653553663404453022,20958.81640625
LearningToPaint,256,1653553671080777997,1653553687661909129,16581.279296875
LearningToPaint,256,1653553692979847156,1653553708662348567,15682.646484375
LearningToPaint,256,1653553714189020693,1653553730691027414,16502.16796875
hf_BigBird,1,1653553767737019883,1653553783824088432,16087.232421875
hf_BigBird,1,1653553790585179657,1653553806521522150,15936.5341796875
hf_BigBird,1,1653553813126900626,1653553829056263881,15929.5556640625
hf_BigBird,1,1653553835293873247,1653553851309711329,16016.037109375
hf_BigBird,2,1653553857527182393,1653553882627452609,25100.6171875
hf_BigBird,2,1653553888914496669,1653553914113208140,25199.060546875
hf_BigBird,2,1653553920909958665,1653553946205203463,25295.609375
hf_BigBird,2,1653553953076325528,1653553978325854801,25249.90234375
hf_BigBird,4,1653553986341241789,1653554031650552418,45309.9765625
hf_BigBird,4,1653554039550604044,1653554085553110308,46003.2265625
hf_BigBird,4,1653554094202312048,1653554140484916604,46283.24609375
hf_BigBird,4,1653554148652524083,1653554193879668728,45227.83203125
mobilenet_v2,1,1653554204631394330,1653554206964682317,2333.26171875
mobilenet_v2,1,1653554209372125123,1653554211771516536,2399.3642578125
mobilenet_v2,1,1653554213917150461,1653554216293795608,2376.6201171875
mobilenet_v2,1,1653554218408743996,1653554220764658814,2355.89013671875
mobilenet_v2,2,1653554222838881126,1653554225114296013,2275.39306640625
mobilenet_v2,2,1653554227299695274,1653554229620019230,2320.302001953125
mobilenet_v2,2,1653554231824478712,1653554234120467016,2295.961181640625
mobilenet_v2,2,1653554236188344822,1653554238526333483,2337.964111328125
mobilenet_v2,4,1653554240530649609,1653554243053018296,2522.337158203125
mobilenet_v2,4,1653554245026901307,1653554247592820852,2565.89501953125
mobilenet_v2,4,1653554249572782699,1653554252208970354,2636.16552734375
mobilenet_v2,4,1653554254224286152,1653554257022522795,2798.21923828125
mobilenet_v2,8,1653554259413175174,1653554261765107494,2351.8994140625
mobilenet_v2,8,1653554263800994491,1653554266141563445,2340.536865234375
mobilenet_v2,8,1653554268135877148,1653554270459669415,2323.765380859375
mobilenet_v2,8,1653554272638979112,1653554274942393100,2303.38818359375
mobilenet_v2,16,1653554277066730710,1653554279507606707,2440.83935546875
mobilenet_v2,16,1653554281518432686,1653554284025968123,2507.500732421875
mobilenet_v2,16,1653554286207318346,1653554288596107751,2388.7578125
mobilenet_v2,16,1653554290573662611,1653554292965398051,2391.7109375
mobilenet_v2,32,1653554295040962100,1653554298244006415,3203.033203125
mobilenet_v2,32,1653554300520354239,1653554303721610615,3201.24462890625
mobilenet_v2,32,1653554306020246191,1653554309216509565,3196.251953125
mobilenet_v2,32,1653554311484866903,1653554314684682362,3199.803466796875
mobilenet_v2,64,1653554317089562456,1653554323107898623,6018.36669921875
mobilenet_v2,64,1653554325891588060,1653554331928400715,6036.84619140625
mobilenet_v2,64,1653554334300848941,1653554340337054171,6036.23876953125
mobilenet_v2,64,1653554342725095547,1653554348768466555,6043.40625
mobilenet_v2,128,1653554351536394964,1653554363400569035,11864.2734375
mobilenet_v2,128,1653554366142835124,1653554378113896004,11971.1923828125
mobilenet_v2,128,1653554381235586941,1653554393290589841,12055.13671875
mobilenet_v2,128,1653554396814080886,1653554408936531990,12122.59375
mobilenet_v2,256,1653554412622180696,1653554437414166928,24792.3203125
mobilenet_v2,256,1653554441191158785,1653554466128229035,24937.439453125
mobilenet_v2,256,1653554470838265618,1653554495772747133,24934.853515625
mobilenet_v2,256,1653554499619437784,1653554524660917176,25041.833984375
detectron2_maskrcnn,1,1653554539984298678,1653554547466084895,7481.83203125
detectron2_maskrcnn,1,1653554553690401973,1653554560924177021,7233.7939453125
detectron2_maskrcnn,1,1653554566746710599,1653554574003800396,7257.134765625
detectron2_maskrcnn,1,1653554579858079789,1653554587096655504,7238.60498046875
detectron2_maskrcnn,2,1653554593719534594,1653554608140244051,14420.8017578125
detectron2_maskrcnn,2,1653554614310112901,1653554628823306956,14513.33203125
detectron2_maskrcnn,2,1653554635518532202,1653554650105713575,14587.3251953125
detectron2_maskrcnn,2,1653554657060886583,1653554671672961382,14612.22265625
detectron2_maskrcnn,4,1653554679015104835,1653554710021165471,31006.42578125
detectron2_maskrcnn,4,1653554718127379001,1653554749337156963,31210.205078125
detectron2_maskrcnn,4,1653554757152650726,1653554788411696271,31259.46484375
detectron2_maskrcnn,4,1653554796185783676,1653554827378142225,31192.7734375
fastNLP_Bert,1,1653554882925179990,1653554900115074500,17190.146484375
fastNLP_Bert,1,1653554904715552335,1653554921729294751,17013.986328125
fastNLP_Bert,1,1653554925753790499,1653554942746195157,16992.845703125
fastNLP_Bert,1,1653554947193678982,1653554964267927516,17074.66015625
fastNLP_Bert,2,1653554968676087764,1653554995726772016,27051.404296875
fastNLP_Bert,2,1653555000547141752,1653555027661310699,27114.892578125
fastNLP_Bert,2,1653555032840571586,1653555059880497277,27040.650390625
fastNLP_Bert,2,1653555064504361721,1653555091635455595,27131.81640625
fastNLP_Bert,4,1653555098043315677,1653555148011990295,49970.05078125
fastNLP_Bert,4,1653555153945467285,1653555203828063152,49883.9765625
fastNLP_Bert,4,1653555210403458584,1653555260285507236,49883.35546875
fastNLP_Bert,4,1653555266219961158,1653555315969141612,49750.5625
fastNLP_Bert,8,1653555324469228414,1653555418350501258,93883.9140625
fastNLP_Bert,8,1653555427965284168,1653555521599639021,93636.9765625
fastNLP_Bert,8,1653555530560929585,1653555623665812172,93107.484375
fastNLP_Bert,8,1653555632547660978,1653555725795280155,93250.21875
fastNLP_Bert,16,1653555738691263642,1653555919029390005,180343.21875
fastNLP_Bert,16,1653555932019329572,1653556112963029893,180948.796875
fastNLP_Bert,16,1653556126052895100,1653556307389336021,181341.53125
fastNLP_Bert,16,1653556320284893362,1653556500223395126,179943.515625
squeezenet1_1,1,1653556507875512975,1653556521923068701,14047.8583984375
squeezenet1_1,1,1653556524806299221,1653556537595353903,12789.3173828125
squeezenet1_1,1,1653556540096718628,1653556552404947390,12308.4873046875
squeezenet1_1,1,1653556555048384172,1653556569503450594,14455.3349609375
squeezenet1_1,2,1653556572528586335,1653556586008477807,13480.12109375
squeezenet1_1,2,1653556588371575682,1653556599814831257,11443.4755859375
squeezenet1_1,2,1653556602458827887,1653556615485813900,13027.2236328125
squeezenet1_1,2,1653556618227114185,1653556632726244120,14499.4208984375
squeezenet1_1,4,1653556635961153166,1653556649844741617,13883.85546875
squeezenet1_1,4,1653556652169460905,1653556661481841282,9312.55078125
squeezenet1_1,4,1653556663848509658,1653556673268925960,9420.58984375
squeezenet1_1,4,1653556675571070967,1653556684604571396,9029.099609375
squeezenet1_1,8,1653556686939728702,1653556696148770847,9204.5986328125
squeezenet1_1,8,1653556699120277118,1653556713135641521,14008.6083984375
squeezenet1_1,8,1653556715596148590,1653556724706311648,9105.7734375
squeezenet1_1,8,1653556727340247584,1653556736560749957,9216.0634765625
squeezenet1_1,16,1653556739200469023,1653556750728573115,11522.5869140625
squeezenet1_1,16,1653556753463101791,1653556766320836670,12851.5361328125
squeezenet1_1,16,1653556769220172673,1653556781428585389,12208.466796875
squeezenet1_1,16,1653556783967234346,1653556795702575882,11735.5849609375
squeezenet1_1,32,1653556798650693746,1653556819623296853,20973.107421875
squeezenet1_1,32,1653556822687587864,1653556843917149160,21230.0703125
squeezenet1_1,32,1653556847862750211,1653556869199518365,21337.2890625
squeezenet1_1,32,1653556872306909952,1653556893801729713,21495.34765625
squeezenet1_1,64,1653556897865896358,1653556938009153698,40144.2890625
squeezenet1_1,64,1653556943053029032,1653556983367988063,40315.94921875
squeezenet1_1,64,1653556987452432702,1653557027902535536,40451.15625
squeezenet1_1,64,1653557032816715783,1653557073227694576,40411.89453125
squeezenet1_1,128,1653557079335541275,1653557157974993380,78641.3203125
squeezenet1_1,128,1653557165256608677,1653557243530282556,78275.5625
squeezenet1_1,128,1653557250701798768,1653557328711229687,78011.3046875
squeezenet1_1,128,1653557335823711142,1653557413749960012,77928.140625
squeezenet1_1,256,1653557424662638185,1653557580160545857,155501.734375
squeezenet1_1,256,1653557591227079937,1653557746599328667,155376.078125
squeezenet1_1,256,1653557757579854602,1653557912878002495,155301.953125
squeezenet1_1,256,1653557923901641546,1653558079303498923,155405.671875
squeezenet1_1,512,1653558098109086730,1653558413584229037,315482.09375
squeezenet1_1,512,1653558432513471953,1653558748082572373,315576.09375
squeezenet1_1,512,1653558766913185377,1653559082262241626,315356.09375
squeezenet1_1,512,1653559101213212403,1653559416368886555,315162.09375
squeezenet1_1,1024,1653559451448978545,1653560081343609806,629907.5625
squeezenet1_1,1024,1653560115840538438,1653560746626822240,630686.875
squeezenet1_1,1024,1653560781391422524,1653561412015669594,630636.9375
squeezenet1_1,1024,1653561446675298267,1653562077381509917,630716.125
hf_Bert,1,1653562083702613289,1653562087771349749,4068.74658203125
hf_Bert,1,1653562092807310763,1653562096760383671,3953.09033203125
hf_Bert,1,1653562101657086069,1653562105595399256,3938.323486328125
hf_Bert,1,1653562110377817387,1653562114304947713,3927.150146484375
hf_Bert,2,1653562119146295295,1653562125540268617,6394.02392578125
hf_Bert,2,1653562130457504757,1653562136850123830,6392.6650390625
hf_Bert,2,1653562141784221339,1653562148188642641,6404.47265625
hf_Bert,2,1653562153337763429,1653562159748391494,6410.681640625
hf_Bert,4,1653562165108382927,1653562176507998578,11399.7490234375
hf_Bert,4,1653562182101407855,1653562193634770988,11533.5029296875
hf_Bert,4,1653562198766840148,1653562210440217085,11673.517578125
hf_Bert,4,1653562216028542402,1653562227704774731,11676.359375
hf_Bert,8,1653562233229108234,1653562255375965902,22147.162109375
hf_Bert,8,1653562261740550341,1653562284287695544,22547.44140625
hf_Bert,8,1653562290474922745,1653562313442260228,22967.607421875
hf_Bert,8,1653562319180255355,1653562341847207797,22667.609375
hf_Bert,16,1653562349143650048,1653562391538822133,42396.828125
hf_Bert,16,1653562398738345826,1653562441138907705,42402.234375
hf_Bert,16,1653562448698453178,1653562491180406898,42483.58203125
hf_Bert,16,1653562499118972468,1653562542202277651,43084.8984375
yolov3,1,1653562556252053412,1653562559831837141,3579.873046875
yolov3,1,1653562563554862614,1653562567296995597,3742.22509765625
yolov3,1,1653562570249543128,1653562573974513162,3725.05029296875
yolov3,1,1653562577034820737,1653562580683228270,3648.491943359375
yolov3,2,1653562586213517057,1653562590980284987,4766.87841796875
yolov3,2,1653562595073373195,1653562599721188713,4647.93115234375
yolov3,2,1653562603910879601,1653562608563766111,4652.99951171875
yolov3,2,1653562612905199946,1653562617506641043,4601.5458984375
yolov3,4,1653562624120404699,1653562631151854529,7031.63671875
yolov3,4,1653562636854558096,1653562643858561083,7004.19677734375
yolov3,4,1653562649305447891,1653562656300318177,6995.072265625
yolov3,4,1653562662008935310,1653562669044391144,7035.66259765625
yolov3,8,1653562678644136810,1653562690604905460,11961.1611328125
yolov3,8,1653562699147373504,1653562711013789327,11866.8017578125
yolov3,8,1653562719775603704,1653562731556178825,11780.943359375
yolov3,8,1653562739894058090,1653562751620120034,11726.443359375
yolov3,16,1653562762132828515,1653562781076080745,18943.908203125
yolov3,16,1653562790392208254,1653562809562959517,19171.404296875
yolov3,16,1653562818457424280,1653562837665900911,19209.140625
yolov3,16,1653562846879703061,1653562866100034668,19221.0
yolov3,32,1653562878730118591,1653562915367119015,36638.30859375
yolov3,32,1653562925350478900,1653562962255729102,36906.59765625
yolov3,32,1653562972982091624,1653563009724941467,36744.171875
yolov3,32,1653563020194783451,1653563056653607180,36460.08984375
hf_Reformer,1,1653563069795052195,1653563074210306281,4415.3564453125
hf_Reformer,1,1653563076613757540,1653563081004611261,4390.95458984375
hf_Reformer,1,1653563083338349257,1653563087756200603,4417.9560546875
hf_Reformer,1,1653563090045162355,1653563094488478961,4443.423828125
hf_Reformer,2,1653563096950285518,1653563105016240835,8066.19580078125
hf_Reformer,2,1653563107479752187,1653563115515688735,8036.18017578125
hf_Reformer,2,1653563117843132669,1653563125854811842,8011.9111328125
hf_Reformer,2,1653563128589432679,1653563136642544878,8053.34228515625
hf_Reformer,4,1653563139384251633,1653563154675958724,15292.1923828125
hf_Reformer,4,1653563157360454025,1653563172596492030,15236.533203125
hf_Reformer,4,1653563175624877252,1653563190902512752,15278.1416015625
hf_Reformer,4,1653563194230647438,1653563209531388738,15301.25
hf_Reformer,8,1653563213035355298,1653563242784107516,29749.69921875
hf_Reformer,8,1653563246390322038,1653563275959113716,29569.818359375
hf_Reformer,8,1653563280234503482,1653563309827713872,29594.19921875
hf_Reformer,8,1653563313545297579,1653563343349859552,29805.552734375
hf_Reformer,16,1653563348544608487,1653563406685301482,58141.70703125
hf_Reformer,16,1653563412759904627,1653563470701262404,57942.2265625
hf_Reformer,16,1653563476519042396,1653563534174980151,57656.828125
hf_Reformer,16,1653563540029399043,1653563597704537611,57676.0390625
hf_Reformer,32,1653563605806127365,1653563719205070114,113400.8046875
hf_Reformer,32,1653563727980245697,1653563841321586865,113343.1640625
hf_Reformer,32,1653563849917934669,1653563963241643856,113282.53125
hf_Reformer,32,1653563971932350560,1653564085066006948,113120.1484375
pytorch_unet,1,1653564093907236753,1653564100039840962,6132.65380859375
pytorch_unet,1,1653564102662925763,1653564108769921641,6107.04345703125
pytorch_unet,1,1653564111281562849,1653564117393766431,6112.25341796875
pytorch_unet,1,1653564119806007079,1653564125888309788,6082.34912109375
pytorch_unet,2,1653564128458911489,1653564140040103433,11581.3310546875
pytorch_unet,2,1653564142694887926,1653564154343690859,11648.9296875
pytorch_unet,2,1653564157328162603,1653564168992530371,11664.5185546875
pytorch_unet,2,1653564171816593909,1653564183460289895,11643.8447265625
pytorch_unet,4,1653564186998106590,1653564209733687875,22735.921875
pytorch_unet,4,1653564213164191223,1653564236081517411,22917.65625
pytorch_unet,4,1653564239791776910,1653564262686181044,22894.755859375
pytorch_unet,4,1653564266404043249,1653564289256394598,22852.68359375
pytorch_unet,8,1653564293790003429,1653564340602042497,46812.828125
pytorch_unet,8,1653564346139445217,1653564392941521644,46802.84375
pytorch_unet,8,1653564398232572357,1653564445000020831,46768.5390625
pytorch_unet,8,1653564450260332004,1653564497108064161,46849.1328125
Super_SloMo,1,1653564505574249996,1653564512860702943,7286.6220703125
Super_SloMo,1,1653564517703721166,1653564524963407551,7259.85888671875
Super_SloMo,1,1653564529200350623,1653564536459370964,7259.19873046875
Super_SloMo,1,1653564540687435325,1653564547947930932,7260.6474609375
Super_SloMo,2,1653564552352999455,1653564564615992606,12263.3115234375
Super_SloMo,2,1653564569045305842,1653564581432338955,12387.3330078125
Super_SloMo,2,1653564586197482495,1653564598624768603,12427.5859375
Super_SloMo,2,1653564603280602319,1653564615695925690,12415.6611328125
Super_SloMo,4,1653564621024041304,1653564644943453357,23920.087890625
Super_SloMo,4,1653564650337479247,1653564674480422055,24143.62109375
Super_SloMo,4,1653564679743356964,1653564703927108100,24184.42578125
Super_SloMo,4,1653564709391977294,1653564733586990066,24195.67578125
Super_SloMo,8,1653564740105847999,1653564784763377551,44658.84375
Super_SloMo,8,1653564791703241456,1653564836351949503,44650.0078125
Super_SloMo,8,1653564843321526306,1653564887980015300,44659.7578125
Super_SloMo,8,1653564894367575502,1653564939090826174,44724.5625
Super_SloMo,16,1653564947059480284,1653565002996437056,55938.609375
Super_SloMo,16,1653565010576833901,1653565066513571574,55938.3515625
Super_SloMo,16,1653565073999823264,1653565129790211641,55791.99609375
Super_SloMo,16,1653565137537074796,1653565193289189539,55753.70703125
Super_SloMo,32,1653565201175661061,1653565256800816767,55626.765625
Super_SloMo,32,1653565264809507743,1653565320501830869,55693.9296875
Super_SloMo,32,1653565328201810671,1653565383869019199,55668.796875
Super_SloMo,32,1653565391432259489,1653565447136967634,55706.3046875
Super_SloMo,64,1653565455084954236,1653565510683516430,55600.140625
Super_SloMo,64,1653565518343307734,1653565573909705363,55567.9609375
Super_SloMo,64,1653565581655845144,1653565637179117588,55524.8125
Super_SloMo,64,1653565644856506277,1653565700340130488,55485.15625
Super_SloMo,128,1653565707892990456,1653565763467067247,55575.62890625
Super_SloMo,128,1653565771434724086,1653565826997329299,55564.13671875
Super_SloMo,128,1653565834900935780,1653565890391586840,55492.19921875
Super_SloMo,128,1653565898017478071,1653565953637251469,55621.3203125
Super_SloMo,256,1653565960964322881,1653566016580436151,55617.61328125
Super_SloMo,256,1653566024453426922,1653566080046988251,55595.0859375
Super_SloMo,256,1653566087906843304,1653566143467187858,55561.86328125
Super_SloMo,256,1653566151245140789,1653566206747778965,55504.1484375
Super_SloMo,512,1653566214390458627,1653566270035234366,55646.28125
Super_SloMo,512,1653566277457819843,1653566333087913129,55631.59765625
Super_SloMo,512,1653566341025749822,1653566396562817592,55538.5546875
Super_SloMo,512,1653566404410048532,1653566460015490637,55606.94140625
Super_SloMo,1024,1653566467824745434,1653566523462918970,55639.578125
Super_SloMo,1024,1653566531031918746,1653566586597576668,55566.625
Super_SloMo,1024,1653566594263100770,1653566649831881830,55569.7421875
Super_SloMo,1024,1653566657814471664,1653566713284731785,55471.18359375
alexnet,1,1653566717604215564,1653566718419511324,815.2681274414062
alexnet,1,1653566720842302597,1653566721661901626,819.5674438476562
alexnet,1,1653566724097275631,1653566724916884338,819.5585327148438
alexnet,1,1653566727284825568,1653566728103631482,818.7763671875
alexnet,2,1653566730582884206,1653566731431580215,848.6625366210938
alexnet,2,1653566733841585733,1653566734689225454,847.6118774414062
alexnet,2,1653566737120094839,1653566737970560006,850.4136962890625
alexnet,2,1653566740347756190,1653566741197490552,849.6907958984375
alexnet,4,1653566743612356820,1653566744492383601,879.9984741210938
alexnet,4,1653566746834765792,1653566747715078309,880.2816162109375
alexnet,4,1653566750067911028,1653566750946793005,878.8519287109375
alexnet,4,1653566753284321759,1653566754163416560,879.0667724609375
alexnet,8,1653566756563411420,1653566757552496856,989.05712890625
alexnet,8,1653566760009238270,1653566760997086563,987.8251953125
alexnet,8,1653566763490703702,1653566764476161062,985.427978515625
alexnet,8,1653566766954567007,1653566767937080478,982.48876953125
alexnet,16,1653566770437648617,1653566771497653277,1059.981201171875
alexnet,16,1653566773968436980,1653566775024265793,1055.8035888671875
alexnet,16,1653566777873042826,1653566778931039526,1057.97021484375
alexnet,16,1653566781356080165,1653566782413831978,1057.7265625
alexnet,32,1653566784911177989,1653566786116209957,1205.00634765625
alexnet,32,1653566788585857125,1653566789797881986,1211.9920654296875
alexnet,32,1653566792242370156,1653566793454138346,1211.7386474609375
alexnet,32,1653566795868619055,1653566797077132990,1208.4920654296875
alexnet,64,1653566799559908619,1653566801220984652,1661.0560302734375
alexnet,64,1653566803751969391,1653566805418022395,1666.0316162109375
alexnet,64,1653566808010260989,1653566809673418223,1663.123779296875
alexnet,64,1653566812167791054,1653566813837568911,1669.7452392578125
alexnet,128,1653566816526507546,1653566819105461896,2578.8935546875
alexnet,128,1653566821818355196,1653566824391899601,2573.537353515625
alexnet,128,1653566827008059585,1653566829591161747,2583.082763671875
alexnet,128,1653566832216903634,1653566834805177563,2588.233642578125
alexnet,256,1653566837778640117,1653566842148491791,4369.84765625
alexnet,256,1653566845590918526,1653566849953527782,4362.6337890625
alexnet,256,1653566852996134481,1653566857362808114,4366.69140625
alexnet,256,1653566860382347137,1653566864751943559,4369.6064453125
alexnet,512,1653566868355465998,1653566876265449534,7910.05029296875
alexnet,512,1653566879841356904,1653566887778739494,7937.4248046875
alexnet,512,1653566891161373318,1653566899182710351,8021.419921875
alexnet,512,1653566902649523236,1653566910722907527,8073.4521484375
alexnet,1024,1653566915953434479,1653566931187494354,15234.2216796875
alexnet,1024,1653566936116299422,1653566951543902668,15427.779296875
alexnet,1024,1653566956812734849,1653566972318161642,15505.61328125
alexnet,1024,1653566977613926660,1653566993122206504,15508.5048828125
hf_Longformer,1,1653567000790679641,1653567013254025512,12463.5205078125
hf_Longformer,1,1653567020641919871,1653567033072963923,12431.2236328125
hf_Longformer,1,1653567041033863536,1653567053429143255,12395.4619140625
hf_Longformer,1,1653567061361215484,1653567073763186628,12402.1484375
hf_Longformer,2,1653567081952806254,1653567105415579581,23463.154296875
hf_Longformer,2,1653567113848428660,1653567137436415152,23588.361328125
hf_Longformer,2,1653567145453452809,1653567169074792256,23621.7265625
hf_Longformer,2,1653567177970436771,1653567201553749519,23583.69921875
hf_Longformer,4,1653567211030563440,1653567256990150340,45960.3671875
hf_Longformer,4,1653567267177063352,1653567313126102879,45949.79296875
hf_Longformer,4,1653567322698707656,1653567369291058471,46593.1484375
hf_Longformer,4,1653567379665624600,1653567425939458051,46274.55078125
hf_Longformer,8,1653567437778134408,1653567526558444647,88758.6875
hf_Longformer,8,1653567539177576960,1653567628432412537,89212.1328125
hf_Longformer,8,1653567641258140289,1653567730037801009,88748.6328125
hf_Longformer,8,1653567742973453683,1653567831610970250,88639.5390625
