model,batch_size,start_time,end_time,duration
timm_vovnet,1,1653433892357303429,1653433893738820965,1381.453857421875
timm_vovnet,1,1653433894300660680,1653433895652119930,1351.440673828125
timm_vovnet,1,1653433896193476490,1653433897553544816,1360.0482177734375
timm_vovnet,1,1653433898095287609,1653433899449508951,1354.202392578125
timm_vovnet,2,1653433899994702585,1653433901396504876,1401.78369140625
timm_vovnet,2,1653433901934179902,1653433903324257381,1390.0594482421875
timm_vovnet,2,1653433903876465463,1653433905268909295,1392.425048828125
timm_vovnet,2,1653433905826866024,1653433907221642333,1394.75146484375
timm_vovnet,4,1653433907788900907,1653433909308304837,1519.3856201171875
timm_vovnet,4,1653433909867888188,1653433911393367977,1525.461181640625
timm_vovnet,4,1653433911955205694,1653433913481338258,1526.1142578125
timm_vovnet,4,1653433914047343406,1653433915575158439,1527.7939453125
timm_vovnet,8,1653433916209971921,1653433918731983215,2522.0029296875
timm_vovnet,8,1653433919346309666,1653433921869687789,2523.37353515625
timm_vovnet,8,1653433922500061017,1653433925031549604,2531.480224609375
timm_vovnet,8,1653433925683418913,1653433928215492740,2532.063232421875
timm_vovnet,16,1653433928911209603,1653433933069250180,4158.05322265625
timm_vovnet,16,1653433933779004613,1653433937943387403,4164.39306640625
timm_vovnet,16,1653433938643166406,1653433942811260899,4168.09326171875
timm_vovnet,16,1653433943515033294,1653433947684122805,4169.056640625
timm_vovnet,32,1653433948848393917,1653433956689875393,7841.50927734375
timm_vovnet,32,1653433957573396166,1653433965415931452,7842.56591796875
timm_vovnet,32,1653433966328387294,1653433974174400341,7846.0498046875
timm_vovnet,32,1653433975082152041,1653433982929600492,7847.48828125
timm_vovnet,64,1653433984193066468,1653434000092509069,15899.5546875
timm_vovnet,64,1653434001362916543,1653434017259719774,15896.9423828125
timm_vovnet,64,1653434018782258434,1653434034681670275,15899.548828125
timm_vovnet,64,1653434035956967147,1653434051857397138,15900.5703125
timm_vovnet,128,1653434054098238916,1653434085668219125,31570.287109375
timm_vovnet,128,1653434088140892988,1653434119727100234,31586.52734375
timm_vovnet,128,1653434121974482281,1653434153515103612,31540.927734375
timm_vovnet,128,1653434156033612865,1653434187596961268,31563.66015625
resnext50_32x4d,1,1653434189040342438,1653434191574051708,2533.69091796875
resnext50_32x4d,1,1653434192318975702,1653434194878826758,2559.837890625
resnext50_32x4d,1,1653434195593668135,1653434198199944545,2606.263916015625
resnext50_32x4d,1,1653434198888508757,1653434201417491073,2528.96875
resnext50_32x4d,2,1653434202125117857,1653434204942611647,2817.482666015625
resnext50_32x4d,2,1653434205646185754,1653434208446604296,2800.407470703125
resnext50_32x4d,2,1653434209159693699,1653434211975543539,2815.84033203125
resnext50_32x4d,2,1653434212678578612,1653434215473943808,2795.356201171875
resnext50_32x4d,4,1653434216434623829,1653434219455697322,3021.04443359375
resnext50_32x4d,4,1653434220177693287,1653434223163917901,2986.21533203125
resnext50_32x4d,4,1653434223924314270,1653434226953381515,3029.0419921875
resnext50_32x4d,4,1653434227680089413,1653434230669275528,2989.178955078125
resnext50_32x4d,8,1653434231427096149,1653434234957528823,3530.427001953125
resnext50_32x4d,8,1653434235722669656,1653434239253834676,3531.165283203125
resnext50_32x4d,8,1653434240026419687,1653434243555327055,3528.907470703125
resnext50_32x4d,8,1653434244311583289,1653434247842893440,3531.31103515625
resnext50_32x4d,16,1653434248722531449,1653434254656859641,5934.357421875
resnext50_32x4d,16,1653434255600783316,1653434261541109961,5940.35400390625
resnext50_32x4d,16,1653434262449085068,1653434268389250736,5940.1943359375
resnext50_32x4d,16,1653434269287434686,1653434275234048967,5946.64208984375
resnext50_32x4d,32,1653434276443867601,1653434287398174239,10954.39453125
resnext50_32x4d,32,1653434289126140121,1653434300077188594,10951.130859375
resnext50_32x4d,32,1653434301333140010,1653434312287653956,10954.6005859375
resnext50_32x4d,32,1653434313509632800,1653434324467928473,10958.3837890625
resnext50_32x4d,64,1653434326455453549,1653434347259806443,20804.5546875
resnext50_32x4d,64,1653434349121020559,1653434369938928845,20818.103515625
resnext50_32x4d,64,1653434371972468960,1653434392778912412,20806.642578125
resnext50_32x4d,64,1653434394735067268,1653434415550302248,20815.431640625
LearningToPaint,1,1653434440004250296,1653434441467472581,1463.1851806640625
LearningToPaint,1,1653434443873177186,1653434445256379928,1383.1650390625
LearningToPaint,1,1653434447848586366,1653434449299830104,1451.20556640625
LearningToPaint,1,1653434451929639351,1653434453354323033,1424.6478271484375
LearningToPaint,2,1653434455891191176,1653434457421573810,1530.346923828125
LearningToPaint,2,1653434459947633950,1653434461429233456,1481.564697265625
LearningToPaint,2,1653434464109313462,1653434465543708750,1434.3582763671875
LearningToPaint,2,1653434468207072815,1653434469774861559,1567.748291015625
LearningToPaint,4,1653434472634349284,1653434474265214716,1630.8251953125
LearningToPaint,4,1653434477048978455,1653434478570196459,1521.1751708984375
LearningToPaint,4,1653434481428985860,1653434482968496287,1539.46728515625
LearningToPaint,4,1653434485814358772,1653434487386637593,1572.2366943359375
LearningToPaint,8,1653434490352402940,1653434492068376194,1715.9342041015625
LearningToPaint,8,1653434494976442568,1653434496711711347,1735.2286376953125
LearningToPaint,8,1653434499983093009,1653434501660819557,1677.6873779296875
LearningToPaint,8,1653434504683200792,1653434506387579513,1704.3389892578125
LearningToPaint,16,1653434509596467399,1653434511662738984,2066.234130859375
LearningToPaint,16,1653434514836517076,1653434516716796557,1880.24267578125
LearningToPaint,16,1653434519890590627,1653434521753013621,1862.3763427734375
LearningToPaint,16,1653434524994762416,1653434527080659097,2085.85595703125
LearningToPaint,32,1653434530561527475,1653434533605717305,3044.1689453125
LearningToPaint,32,1653434538016112424,1653434541218115389,3201.98291015625
LearningToPaint,32,1653434545431718349,1653434547920106440,2488.36083984375
LearningToPaint,32,1653434551728768962,1653434554242254437,2513.46044921875
LearningToPaint,64,1653434558186116128,1653434563696158337,5510.05419921875
LearningToPaint,64,1653434567451132815,1653434572138169067,4687.05029296875
LearningToPaint,64,1653434575870797390,1653434580464635181,4593.84716796875
LearningToPaint,64,1653434584801822033,1653434590059102443,5257.29541015625
LearningToPaint,128,1653434594150805350,1653434604976246574,10824.75390625
LearningToPaint,128,1653434611470378187,1653434619706341594,8236.0009765625
LearningToPaint,128,1653434623625671529,1653434632304150367,8678.5419921875
LearningToPaint,128,1653434637531367201,1653434646164983621,8633.67578125
hf_DistilBert,1,1653434665562811152,1653434668058349471,2495.5224609375
hf_DistilBert,1,1653434672940064284,1653434675432726009,2492.649658203125
hf_DistilBert,1,1653434680329976466,1653434682859263522,2529.27587890625
hf_DistilBert,1,1653434687757327270,1653434690248534373,2491.19384765625
hf_DistilBert,2,1653434695205207090,1653434699155304746,3950.097412109375
hf_DistilBert,2,1653434704372584465,1653434708326563618,3953.9833984375
hf_DistilBert,2,1653434713437305135,1653434717397035146,3959.7333984375
hf_DistilBert,2,1653434722856406855,1653434726813462835,3957.0634765625
hf_DistilBert,4,1653434732239125346,1653434739236620086,6997.541015625
hf_DistilBert,4,1653434744413736922,1653434751420499298,7006.7978515625
hf_DistilBert,4,1653434756521870008,1653434763527550412,7005.72705078125
hf_DistilBert,4,1653434768962506354,1653434775966854471,7004.38720703125
hf_DistilBert,8,1653434781322812349,1653434794684652568,13361.9423828125
hf_DistilBert,8,1653434801088572857,1653434814553409479,13464.919921875
hf_DistilBert,8,1653434820249152800,1653434833837125089,13588.0546875
hf_DistilBert,8,1653434839714608552,1653434853237716153,13523.1513671875
timm_nfnet,1,1653434862080131791,1653434865909565771,3829.4384765625
timm_nfnet,1,1653434869162446383,1653434873001485668,3839.045654296875
timm_nfnet,1,1653434876095274551,1653434879937494790,3842.2255859375
timm_nfnet,1,1653434883104976456,1653434886941907626,3836.937744140625
timm_nfnet,2,1653434890004615429,1653434893942860203,3938.254150390625
timm_nfnet,2,1653434896990757136,1653434900887175973,3896.428466796875
timm_nfnet,2,1653434904261433174,1653434908205886465,3944.462646484375
timm_nfnet,2,1653434911277551888,1653434915183538000,3905.98681640625
timm_nfnet,4,1653434918224200896,1653434922532276885,4308.0908203125
timm_nfnet,4,1653434925565585088,1653434929899209361,4333.63818359375
timm_nfnet,4,1653434933269491135,1653434937588260511,4318.77880859375
timm_nfnet,4,1653434940965468452,1653434945320853842,4355.3974609375
timm_nfnet,8,1653434948611620637,1653434954434296724,5822.7099609375
timm_nfnet,8,1653434957685803223,1653434963506562717,5820.7744140625
timm_nfnet,8,1653434966890363324,1653434972717351354,5827.0224609375
timm_nfnet,8,1653434975874440460,1653434981696767324,5822.359375
timm_nfnet,16,1653434985009271528,1653434993748269419,8739.0517578125
timm_nfnet,16,1653434997015558926,1653435005760909694,8745.4130859375
timm_nfnet,16,1653435009403915920,1653435018146595599,8742.74609375
timm_nfnet,16,1653435021791345372,1653435030538092630,8746.814453125
timm_nfnet,32,1653435034519456393,1653435049644487672,15125.1748046875
timm_nfnet,32,1653435053337608581,1653435068461853950,15124.3779296875
timm_nfnet,32,1653435072071210841,1653435087200543659,15129.474609375
timm_nfnet,32,1653435091475135455,1653435106606154169,15131.158203125
timm_nfnet,64,1653435111302927104,1653435140161763420,28859.13671875
timm_nfnet,64,1653435144614074652,1653435173503361968,28889.59375
timm_nfnet,64,1653435178824227548,1653435207704130585,28880.193359375
timm_nfnet,64,1653435212024483374,1653435240915345002,28891.162109375
squeezenet1_1,1,1653435247363775074,1653435260529333386,13165.6455078125
squeezenet1_1,1,1653435262826800829,1653435271282115999,8455.359375
squeezenet1_1,1,1653435273577549919,1653435284120820223,10543.2939453125
squeezenet1_1,1,1653435286309069219,1653435296440602858,10127.388671875
squeezenet1_1,2,1653435298847034378,1653435313978327301,15123.869140625
squeezenet1_1,2,1653435317052220546,1653435328944994096,11886.927734375
squeezenet1_1,2,1653435331258879401,1653435340234101731,8970.8037109375
squeezenet1_1,2,1653435342407073529,1653435352958567741,10546.3154296875
squeezenet1_1,4,1653435355120336282,1653435364211279266,9086.47265625
squeezenet1_1,4,1653435366428735087,1653435375516815950,9083.583984375
squeezenet1_1,4,1653435378236232028,1653435395094401540,16849.90234375
squeezenet1_1,4,1653435397845748529,1653435409191761813,11340.455078125
squeezenet1_1,8,1653435412052778239,1653435426116506811,14056.845703125
squeezenet1_1,8,1653435428684053345,1653435440857947592,12168.173828125
squeezenet1_1,8,1653435443497041931,1653435457069096557,13572.166015625
squeezenet1_1,8,1653435459418163598,1653435470663476066,11245.3857421875
squeezenet1_1,16,1653435472987294478,1653435485072585894,12085.41015625
squeezenet1_1,16,1653435487763990870,1653435499853737964,12089.8662109375
squeezenet1_1,16,1653435502581401267,1653435514672504492,12091.2158203125
squeezenet1_1,16,1653435517475172901,1653435531121242607,13646.1640625
squeezenet1_1,32,1653435533939539075,1653435555631772994,21692.447265625
squeezenet1_1,32,1653435558608858649,1653435580302430413,21693.771484375
squeezenet1_1,32,1653435583985823495,1653435605672182835,21686.57421875
squeezenet1_1,32,1653435608751164435,1653435630465978095,21715.017578125
squeezenet1_1,64,1653435634340637484,1653435674827777808,40487.57421875
squeezenet1_1,64,1653435679544938378,1653435719993185848,40448.66796875
squeezenet1_1,64,1653435723994924719,1653435764438998536,40444.5
squeezenet1_1,64,1653435769346925173,1653435809780024559,40433.49609375
squeezenet1_1,128,1653435815854791718,1653435895429161459,79575.234375
squeezenet1_1,128,1653435902500716366,1653435982028727487,79528.8828125
squeezenet1_1,128,1653435989028417669,1653436068538801102,79511.265625
squeezenet1_1,128,1653436075532498755,1653436155041243785,79509.6171875
squeezenet1_1,256,1653436165967018723,1653436324841967962,158876.78125
squeezenet1_1,256,1653436335844048056,1653436494646982508,158804.765625
squeezenet1_1,256,1653436505577624291,1653436664362884747,158787.078125
squeezenet1_1,256,1653436675396841411,1653436834252032955,158857.0
Super_SloMo,1,1653436842350723250,1653436849770964572,7420.283203125
Super_SloMo,1,1653436853700424697,1653436861119969771,7419.59228515625
Super_SloMo,1,1653436865200084549,1653436872619570397,7419.53173828125
Super_SloMo,1,1653436876325368665,1653436883739608481,7414.26953125
Super_SloMo,2,1653436887785988609,1653436900345754009,12559.8564453125
Super_SloMo,2,1653436904748145503,1653436917321380226,12573.3310546875
Super_SloMo,2,1653436921909366115,1653436934483193661,12573.9345703125
Super_SloMo,2,1653436938870061766,1653436951445521500,12575.5654296875
Super_SloMo,4,1653436956161916673,1653436979805493214,23643.814453125
Super_SloMo,4,1653436985424220812,1653437009041344726,23617.361328125
Super_SloMo,4,1653437014150248748,1653437037798907841,23648.88671875
Super_SloMo,4,1653437042659717154,1653437066312457894,23652.96484375
Super_SloMo,8,1653437073289669117,1653437116922668204,43633.45703125
Super_SloMo,8,1653437123270648710,1653437166901162771,43630.98046875
Super_SloMo,8,1653437173637393129,1653437217262349485,43625.42578125
Super_SloMo,8,1653437224198046371,1653437267845589807,43647.984375
maml_omniglot,1,1653437280613121914,1653437383130411316,102518.6171875
maml_omniglot,1,1653437391203984559,1653437494157288410,102954.84375
maml_omniglot,1,1653437502035425566,1653437604866335759,102832.515625
maml_omniglot,1,1653437612601470572,1653437717276079876,104676.265625
vision_maskrcnn,1,1653437725742312543,1653437732718150703,6975.90771484375
vision_maskrcnn,1,1653437738241075536,1653437745236874401,6995.8583984375
vision_maskrcnn,1,1653437750585462918,1653437757614260805,7028.84716796875
vision_maskrcnn,1,1653437762826042723,1653437769937435764,7111.45068359375
vision_maskrcnn,2,1653437775316377107,1653437788158855330,12842.5849609375
vision_maskrcnn,2,1653437793780554613,1653437806195161383,12414.7177734375
vision_maskrcnn,2,1653437812271744582,1653437825879037731,13607.4111328125
vision_maskrcnn,2,1653437831445554953,1653437844127146346,12681.69921875
vision_maskrcnn,4,1653437850735227910,1653437866485938111,15750.8359375
vision_maskrcnn,4,1653437874027626744,1653437889671423463,15643.919921875
vision_maskrcnn,4,1653437896627819180,1653437912238615776,15610.8955078125
vision_maskrcnn,4,1653437919076358421,1653437934716700163,15640.455078125
maml,1,1653437945226598282,1653437994123568007,48897.5390625
maml,1,1653437998907500770,1653438048938190227,50031.3671875
maml,1,1653438055256148953,1653438105808045916,50552.5859375
maml,1,1653438111302986645,1653438160931016280,49628.74609375
dcgan,1,1653438165144833723,1653438171052611735,5907.80029296875
dcgan,1,1653438172940579142,1653438177078969894,4138.39990234375
dcgan,1,1653438179118561642,1653438183281295994,4162.744140625
dcgan,1,1653438185513154309,1653438189672469615,4159.32421875
dcgan,2,1653438191869872083,1653438197875909334,6006.07421875
dcgan,2,1653438199950953413,1653438206386048399,6435.1376953125
dcgan,2,1653438208495799957,1653438215368456461,6872.7021484375
dcgan,2,1653438217401842720,1653438224066328784,6664.5205078125
dcgan,4,1653438226403354367,1653438234322176205,7918.86767578125
dcgan,4,1653438236434859226,1653438243086262594,6651.44775390625
dcgan,4,1653438245117511636,1653438252439477836,7321.98486328125
dcgan,4,1653438254507605709,1653438263665864854,9158.3095703125
dcgan,8,1653438265734989992,1653438272028651216,6293.69873046875
dcgan,8,1653438274394282095,1653438283799255265,9405.0322265625
dcgan,8,1653438286522676483,1653438295511757564,8989.125
dcgan,8,1653438297678639061,1653438304599816602,6921.21728515625
dcgan,16,1653438306684679167,1653438312960213693,6275.5703125
dcgan,16,1653438315005670015,1653438321233434761,6227.7978515625
dcgan,16,1653438323254192878,1653438330526594800,7272.4423828125
dcgan,16,1653438332660142834,1653438340239106373,7578.96826171875
dcgan,32,1653438342427486165,1653438349834287263,7406.8310546875
dcgan,32,1653438352158922196,1653438360819321695,8660.4326171875
dcgan,32,1653438363254480960,1653438370701413983,7446.9765625
dcgan,32,1653438373063291063,1653438380514467099,7451.2177734375
dcgan,64,1653438382996740402,1653438394216069171,11219.4189453125
dcgan,64,1653438396608452076,1653438407825714393,11217.3486328125
dcgan,64,1653438410107121187,1653438421374687219,11267.6455078125
dcgan,64,1653438423990060087,1653438435198581770,11208.5751953125
dcgan,128,1653438438325201835,1653438467914785570,29589.890625
dcgan,128,1653438471933030817,1653438501533620325,29600.86328125
dcgan,128,1653438505028200535,1653438534636361755,29608.4375
dcgan,128,1653438538680563344,1653438568283257864,29602.966796875
dcgan,256,1653438572257795469,1653438611626587223,39369.20703125
dcgan,256,1653438616160500237,1653438655513425333,39353.30859375
dcgan,256,1653438660249997169,1653438699589707702,39340.09765625
dcgan,256,1653438703446571964,1653438742829481376,39383.32421875
dcgan,512,1653438749375008841,1653438826460882590,77086.703125
dcgan,512,1653438833225634357,1653438910341736087,77106.765625
dcgan,512,1653438917049209054,1653438994241081665,77170.625
dcgan,512,1653439001054250041,1653439078166516302,77113.09375
dcgan,1024,1653439088387944915,1653439241593963553,153207.75
dcgan,1024,1653439251922617534,1653439405183914895,153263.015625
dcgan,1024,1653439415411914161,1653439568746898213,153336.71875
dcgan,1024,1653439579017413199,1653439732477536454,153461.859375
BERT_pytorch,1,1653439740991063823,1653439746133496013,5142.4423828125
BERT_pytorch,1,1653439753271936202,1653439758339190271,5067.2646484375
BERT_pytorch,1,1653439765483739675,1653439770646524054,5162.78759765625
BERT_pytorch,1,1653439777731992226,1653439782943649017,5211.6767578125
BERT_pytorch,2,1653439790168257359,1653439795515987159,5347.74951171875
BERT_pytorch,2,1653439803536410808,1653439808893516338,5357.12548828125
BERT_pytorch,2,1653439816317966480,1653439821683705316,5365.75830078125
BERT_pytorch,2,1653439829037273401,1653439834278108002,5240.8544921875
BERT_pytorch,4,1653439841428812984,1653439846645698885,5216.9033203125
BERT_pytorch,4,1653439853814216070,1653439859052070816,5237.8681640625
BERT_pytorch,4,1653439866479463227,1653439871701448971,5222.009765625
BERT_pytorch,4,1653439878982731339,1653439884245666181,5262.9541015625
BERT_pytorch,8,1653439891960679786,1653439898209254404,6248.6083984375
BERT_pytorch,8,1653439905554835049,1653439911813758022,6258.9541015625
BERT_pytorch,8,1653439919157218085,1653439925414859246,6257.6640625
BERT_pytorch,8,1653439932952181070,1653439939215182797,6263.0302734375
BERT_pytorch,16,1653439946735741944,1653439957519679315,10784.0302734375
BERT_pytorch,16,1653439965102295350,1653439975883004817,10780.80078125
BERT_pytorch,16,1653439983893241528,1653439994682792036,10789.638671875
BERT_pytorch,16,1653440002710493304,1653440013497729630,10787.326171875
BERT_pytorch,32,1653440021383897314,1653440042076611507,20692.9140625
BERT_pytorch,32,1653440050271426628,1653440070059864705,19788.62890625
BERT_pytorch,32,1653440079220983729,1653440098955511553,19734.728515625
BERT_pytorch,32,1653440106931024250,1653440126742300078,19811.46484375
nvidia_deeprecommender,1,1653440140875635902,1653440230144903671,89270.3125
nvidia_deeprecommender,1,1653440236576363093,1653440325908901457,89333.5703125
nvidia_deeprecommender,1,1653440332272585060,1653440421604264997,89332.703125
nvidia_deeprecommender,1,1653440428103503706,1653440517436685040,89334.21875
nvidia_deeprecommender,2,1653440523719173524,1653440617679662015,93961.5546875
nvidia_deeprecommender,2,1653440624195192296,1653440718155197754,93961.0703125
nvidia_deeprecommender,2,1653440724504479534,1653440818466105328,93962.703125
nvidia_deeprecommender,2,1653440825096626728,1653440919055650206,93960.109375
nvidia_deeprecommender,4,1653440925355815893,1653441024249041316,98894.3671875
nvidia_deeprecommender,4,1653441030758247506,1653441129613715997,98856.609375
nvidia_deeprecommender,4,1653441135890143636,1653441234903233677,99014.21875
nvidia_deeprecommender,4,1653441241362947628,1653441340217653703,98855.8359375
nvidia_deeprecommender,8,1653441346516776341,1653441445966485557,99450.8671875
nvidia_deeprecommender,8,1653441452455669059,1653441551904483872,99449.921875
nvidia_deeprecommender,8,1653441558248154017,1653441657700341796,99453.3359375
nvidia_deeprecommender,8,1653441664154886925,1653441763607964757,99454.234375
nvidia_deeprecommender,16,1653441769922910944,1653441866616855626,96695.0390625
nvidia_deeprecommender,16,1653441873161036792,1653441969858269488,96698.3203125
nvidia_deeprecommender,16,1653441976299312397,1653442072992849534,96694.625
nvidia_deeprecommender,16,1653442079596516291,1653442176291053636,96695.625
nvidia_deeprecommender,32,1653442182653625113,1653442282913414274,100260.9140625
nvidia_deeprecommender,32,1653442289448268704,1653442389706766943,100259.6328125
nvidia_deeprecommender,32,1653442396085143023,1653442496345973341,100259.8046875
nvidia_deeprecommender,32,1653442502886427383,1653442603196470705,100261.0390625
nvidia_deeprecommender,64,1653442609629893924,1653442733775435968,124146.921875
nvidia_deeprecommender,64,1653442740400736053,1653442864543472971,124144.15625
nvidia_deeprecommender,64,1653442870999441644,1653442995131054274,124133.03125
nvidia_deeprecommender,64,1653443001780349574,1653443125915898952,124136.9609375
nvidia_deeprecommender,128,1653443132525303362,1653443278347753002,145824.125
nvidia_deeprecommender,128,1653443285211180380,1653443431075050798,145865.53125
nvidia_deeprecommender,128,1653443437859182459,1653443583692760081,145835.234375
nvidia_deeprecommender,128,1653443590435981029,1653443736240821180,145806.53125
nvidia_deeprecommender,256,1653443743226065198,1653443945196238795,201972.5
nvidia_deeprecommender,256,1653443952252904786,1653444154224477896,201973.90625
nvidia_deeprecommender,256,1653444161248192927,1653444363201835744,201955.984375
nvidia_deeprecommender,256,1653444370295195601,1653444572225013472,201932.140625
nvidia_deeprecommender,512,1653444579974676149,1653444912607176476,332636.375
nvidia_deeprecommender,512,1653444920248765593,1653445252528634693,332283.6875
nvidia_deeprecommender,512,1653445260221020166,1653445592551124701,332333.90625
nvidia_deeprecommender,512,1653445600128434165,1653445932388797826,332264.21875
nvidia_deeprecommender,1024,1653445941518611977,1653446546024727327,604462.5
nvidia_deeprecommender,1024,1653446555008661940,1653447159354000424,604352.4375
nvidia_deeprecommender,1024,1653447168192367151,1653447772610994040,604425.75
nvidia_deeprecommender,1024,1653447781451978439,1653448385852100094,604407.25
fastNLP_Bert,1,1653448392214223082,1653448409376553398,17162.48046875
fastNLP_Bert,1,1653448413154504790,1653448430254543050,17100.181640625
fastNLP_Bert,1,1653448433998589223,1653448451150332269,17151.869140625
fastNLP_Bert,1,1653448455296087742,1653448472402199075,17106.263671875
fastNLP_Bert,2,1653448477069484121,1653448504489870398,27420.669921875
fastNLP_Bert,2,1653448509133853152,1653448536525762766,27392.189453125
fastNLP_Bert,2,1653448541041827557,1653448568465159990,27423.611328125
fastNLP_Bert,2,1653448573386329071,1653448600801218647,27415.17578125
fastNLP_Bert,4,1653448606603318728,1653448657121064833,50518.2890625
fastNLP_Bert,4,1653448663637512922,1653448714218275094,50581.28515625
fastNLP_Bert,4,1653448720325232462,1653448770889292681,50564.60546875
fastNLP_Bert,4,1653448776811309690,1653448827297908390,50487.15234375
fastNLP_Bert,8,1653448836017191812,1653448932420105419,96403.96875
fastNLP_Bert,8,1653448941421159128,1653449037720643729,96300.5390625
fastNLP_Bert,8,1653449046660647840,1653449143100161839,96440.5546875
fastNLP_Bert,8,1653449152100339659,1653449248341300193,96241.9765625
vgg16,1,1653449257038266793,1653449259321195149,2282.898681640625
vgg16,1,1653449263060241615,1653449265342842994,2282.57080078125
vgg16,1,1653449268932945614,1653449271220111343,2287.144287109375
vgg16,1,1653449274494815340,1653449276778632809,2283.769775390625
vgg16,2,1653449280357285714,1653449283059749386,2702.4404296875
vgg16,2,1653449286825958883,1653449289530101560,2704.122802734375
vgg16,2,1653449293054663324,1653449295756926061,2702.24267578125
vgg16,2,1653449299154694634,1653449301861537380,2706.825439453125
vgg16,4,1653449305534769577,1653449309017165088,3482.3818359375
vgg16,4,1653449312278185697,1653449315763065441,3484.844970703125
vgg16,4,1653449319602305503,1653449323083793210,3481.44482421875
vgg16,4,1653449326345116291,1653449329825694714,3480.52490234375
vgg16,8,1653449333776172737,1653449338794598083,5018.404296875
vgg16,8,1653449342741780222,1653449347751763138,5009.9541015625
vgg16,8,1653449351444782092,1653449356460383502,5015.57177734375
vgg16,8,1653449360069184597,1653449365081627566,5012.43408203125
vgg16,16,1653449368917103886,1653449376082398144,7165.298828125
vgg16,16,1653449380199454674,1653449387370763093,7171.306640625
vgg16,16,1653449391191888346,1653449398364053519,7172.1845703125
vgg16,16,1653449401944271086,1653449409112224745,7167.98583984375
vgg16,32,1653449413364566790,1653449425612995135,12248.5205078125
vgg16,32,1653449430352866171,1653449442634326914,12281.552734375
vgg16,32,1653449447319822436,1653449459590310512,12270.537109375
vgg16,32,1653449463708868529,1653449475970868206,12262.0537109375
vgg16,64,1653449480671400933,1653449503594708217,22923.486328125
vgg16,64,1653449508994297529,1653449531881828594,22887.705078125
vgg16,64,1653449537125989661,1653449560036260950,22910.443359375
vgg16,64,1653449565057987536,1653449587997894562,22940.06640625
resnet50,1,1653449594846985390,1653449597438015774,2590.998046875
resnet50,1,1653449600177835767,1653449602793179823,2615.2939453125
resnet50,1,1653449605268303243,1653449607858447847,2590.11376953125
resnet50,1,1653449610344128734,1653449612912654672,2568.49560546875
resnet50,2,1653449615374045035,1653449618170459721,2796.387451171875
resnet50,2,1653449620555221850,1653449623285330993,2730.0810546875
resnet50,2,1653449625698380427,1653449628276450119,2578.040283203125
resnet50,2,1653449630676966372,1653449633415961736,2738.970703125
resnet50,4,1653449635886433892,1653449638478282968,2591.821533203125
resnet50,4,1653449640888553438,1653449643617732046,2729.14599609375
resnet50,4,1653449646038543607,1653449648657138174,2618.560546875
resnet50,4,1653449651069790981,1653449653717142056,2647.312255859375
resnet50,8,1653449656134650954,1653449658717829607,2583.16552734375
resnet50,8,1653449661146884548,1653449663779309419,2632.41796875
resnet50,8,1653449666472135137,1653449669076808456,2604.664794921875
resnet50,8,1653449671710543867,1653449674479037259,2768.48828125
resnet50,16,1653449677192670844,1653449681444449487,4251.78955078125
resnet50,16,1653449684091264403,1653449688353068757,4261.81591796875
resnet50,16,1653449690941172089,1653449695198131341,4256.97265625
resnet50,16,1653449697740693103,1653449702001402728,4259.72119140625
resnet50,32,1653449704777864810,1653449712680241005,7898.48486328125
resnet50,32,1653449715831076759,1653449723734162004,7899.18505859375
resnet50,32,1653449726493011987,1653449734401110888,7904.201171875
resnet50,32,1653449737565041738,1653449745474050883,7905.11181640625
resnet50,64,1653449749029184346,1653449764113020671,15076.4404296875
resnet50,64,1653449767798857830,1653449782878115422,15071.85546875
resnet50,64,1653449786477482705,1653449801565504473,15080.6201171875
resnet50,64,1653449805393540131,1653449820474131277,15080.49609375
hf_Bart,1,1653449833273746895,1653449838990737920,5717.01904296875
hf_Bart,1,1653449848319415930,1653449854063957254,5744.5537109375
hf_Bart,1,1653449863430009643,1653449869133545244,5703.5673828125
hf_Bart,1,1653449878528235166,1653449884282620200,5754.41748046875
hf_Bart,2,1653449894245557179,1653449902936023612,8690.53515625
hf_Bart,2,1653449912648057073,1653449921343318630,8695.3291015625
hf_Bart,2,1653449931021901269,1653449939879088278,8857.2470703125
hf_Bart,2,1653449949307252670,1653449957998860390,8691.6728515625
hf_Bart,4,1653449968517704489,1653449983775081986,15257.5322265625
hf_Bart,4,1653449993997741826,1653450009281795419,15284.2060546875
hf_Bart,4,1653450019136264177,1653450034416342247,15280.2265625
hf_Bart,4,1653450044634117527,1653450059907095758,15273.1279296875
hf_T5,1,1653450074920432309,1653450081753653182,6833.24072265625
hf_T5,1,1653450086599324174,1653450093465411606,6866.10546875
hf_T5,1,1653450098321646542,1653450105179543753,6857.916015625
hf_T5,1,1653450110214961210,1653450117039383692,6824.447265625
hf_T5,2,1653450121915603294,1653450133440817273,11525.291015625
hf_T5,2,1653450139242205585,1653450150844629558,11602.5107421875
hf_T5,2,1653450156143238377,1653450167711276494,11568.115234375
hf_T5,2,1653450172967391529,1653450184545280452,11577.9765625
timm_efficientnet,1,1653450191401493660,1653450194051491430,2649.97412109375
timm_efficientnet,1,1653450196036629506,1653450198771520406,2734.8515625
timm_efficientnet,1,1653450201051674523,1653450203708755628,2657.05615234375
timm_efficientnet,1,1653450205678641054,1653450208391317043,2712.654052734375
timm_efficientnet,2,1653450210361060646,1653450212916802187,2555.71826171875
timm_efficientnet,2,1653450214915309845,1653450217466621150,2551.289794921875
timm_efficientnet,2,1653450219571520700,1653450222114263223,2542.718994140625
timm_efficientnet,2,1653450224296238417,1653450226790338478,2494.080078125
timm_efficientnet,4,1653450228943669287,1653450231472508496,2528.81201171875
timm_efficientnet,4,1653450233524454818,1653450236152434992,2627.962158203125
timm_efficientnet,4,1653450238179401271,1653450240880224580,2700.8056640625
timm_efficientnet,4,1653450242899186443,1653450245450501428,2551.2958984375
timm_efficientnet,8,1653450247441234527,1653450250051611975,2610.35888671875
timm_efficientnet,8,1653450252003075431,1653450254552721075,2549.627197265625
timm_efficientnet,8,1653450256552128895,1653450259191521139,2639.37353515625
timm_efficientnet,8,1653450261441622135,1653450264091302280,2649.661376953125
timm_efficientnet,16,1653450266126888030,1653450268737165042,2610.2724609375
timm_efficientnet,16,1653450270770528718,1653450273335323427,2564.77587890625
timm_efficientnet,16,1653450275342720799,1653450278061629570,2718.86962890625
timm_efficientnet,16,1653450280076785948,1653450282655213197,2578.419921875
timm_efficientnet,32,1653450284722677474,1653450289020195149,4297.5283203125
timm_efficientnet,32,1653450291117469927,1653450295415580807,4298.123046875
timm_efficientnet,32,1653450297743708167,1653450302048203488,4304.50244140625
timm_efficientnet,32,1653450304536636510,1653450308835649601,4299.0263671875
timm_efficientnet,64,1653450311295784558,1653450319488475880,8192.7509765625
timm_efficientnet,64,1653450322186295752,1653450330377737049,8191.48779296875
timm_efficientnet,64,1653450332696943463,1653450340891384900,8194.5
timm_efficientnet,64,1653450343254586645,1653450351450764697,8196.2265625
yolov3,1,1653450359576776445,1653450363305386476,3728.58544921875
yolov3,1,1653450366159819895,1653450369869206909,3709.369140625
yolov3,1,1653450372954545877,1653450376654884421,3700.3310546875
yolov3,1,1653450379691884236,1653450383446828809,3754.93994140625
yolov3,2,1653450389312960076,1653450394046392823,4733.43212890625
yolov3,2,1653450398353433817,1653450403142168612,4788.72802734375
yolov3,2,1653450407313122689,1653450412056465436,4743.33740234375
yolov3,2,1653450416178682946,1653450420889950533,4711.2646484375
yolov3,4,1653450427912745690,1653450435185494779,7272.755859375
yolov3,4,1653450440822838367,1653450448060194008,7237.3759765625
yolov3,4,1653450454127023870,1653450461358815555,7231.82275390625
yolov3,4,1653450467457639347,1653450474729072545,7271.4638671875
yolov3,8,1653450484929387803,1653450497246318985,12317.0263671875
yolov3,8,1653450506179247859,1653450518359786332,12180.6181640625
yolov3,8,1653450527653192424,1653450539892658572,12239.55078125
yolov3,8,1653450549342264785,1653450561590447258,12248.2744140625
yolov3,16,1653450572281587761,1653450592048332592,19766.9375
yolov3,16,1653450601706285488,1653450621547128481,19841.001953125
yolov3,16,1653450631004600490,1653450650808051725,19803.634765625
yolov3,16,1653450661105338654,1653450681047157615,19941.9921875
mobilenet_v2_quantized_qat,1,1653450694097040552,1653450698656234490,4559.1875
mobilenet_v2_quantized_qat,1,1653450701721299667,1653450706227399088,4506.099609375
mobilenet_v2_quantized_qat,1,1653450709530608760,1653450714064507766,4533.89990234375
mobilenet_v2_quantized_qat,1,1653450717232488359,1653450721815801082,4583.3134765625
mobilenet_v2_quantized_qat,2,1653450724975011602,1653450729572248311,4597.2431640625
mobilenet_v2_quantized_qat,2,1653450732571283650,1653450737178665585,4607.3896484375
mobilenet_v2_quantized_qat,2,1653450740150155128,1653450744917484474,4767.33642578125
mobilenet_v2_quantized_qat,2,1653450748156418047,1653450752901745614,4745.33447265625
mobilenet_v2_quantized_qat,4,1653450755962510314,1653450760552289213,4589.775390625
mobilenet_v2_quantized_qat,4,1653450763493457921,1653450768258825050,4765.380859375
mobilenet_v2_quantized_qat,4,1653450771173408551,1653450775810197754,4636.80078125
mobilenet_v2_quantized_qat,4,1653450778775139575,1653450783381924907,4606.7978515625
mobilenet_v2_quantized_qat,8,1653450786749294265,1653450791382485748,4633.20458984375
mobilenet_v2_quantized_qat,8,1653450794562422405,1653450799175353324,4612.94189453125
mobilenet_v2_quantized_qat,8,1653450802181013602,1653450806911964465,4730.9638671875
mobilenet_v2_quantized_qat,8,1653450810132361871,1653450814820088483,4687.74072265625
mobilenet_v2_quantized_qat,16,1653450817992524479,1653450823095688916,5103.185546875
mobilenet_v2_quantized_qat,16,1653450826069579585,1653450831125148584,5055.5859375
mobilenet_v2_quantized_qat,16,1653450834192215528,1653450839339645873,5147.4326171875
mobilenet_v2_quantized_qat,16,1653450842353440630,1653450847472924397,5119.49609375
mobilenet_v2_quantized_qat,32,1653450850779523903,1653450858263732104,7484.25634765625
mobilenet_v2_quantized_qat,32,1653450861921864188,1653450869452182783,7530.36474609375
mobilenet_v2_quantized_qat,32,1653450873164645944,1653450880640348110,7475.74365234375
mobilenet_v2_quantized_qat,32,1653450883943899641,1653450891384706656,7440.85107421875
mobilenet_v2_quantized_qat,64,1653450895114726208,1653450908023332462,12908.7021484375
mobilenet_v2_quantized_qat,64,1653450911558492880,1653450924468255318,12909.87109375
mobilenet_v2_quantized_qat,64,1653450928335293828,1653450941266135396,12930.947265625
mobilenet_v2_quantized_qat,64,1653450945521040837,1653450958454244025,12933.3056640625
pytorch_unet,1,1653450964042238203,1653450971520182765,7477.98291015625
pytorch_unet,1,1653450973931624844,1653450981401301667,7469.68701171875
pytorch_unet,1,1653450983696131329,1653450991160988186,7464.89306640625
pytorch_unet,1,1653450993725099324,1653451001153059151,7427.99560546875
pytorch_unet,2,1653451004212727193,1653451018307698816,14095.08984375
pytorch_unet,2,1653451021359200542,1653451035440869418,14081.779296875
pytorch_unet,2,1653451038177163553,1653451052307288484,14130.212890625
pytorch_unet,2,1653451054994285645,1653451069115961553,14121.791015625
pytorch_unet,4,1653451073100159259,1653451100524404961,27424.51953125
pytorch_unet,4,1653451104251012214,1653451131673277641,27422.5234375
pytorch_unet,4,1653451135828202431,1653451163309699747,27481.7578125
pytorch_unet,4,1653451167082775868,1653451194583476345,27500.962890625
mobilenet_v2,1,1653451199794315763,1653451202171392184,2377.040771484375
mobilenet_v2,1,1653451204246450475,1653451206654163686,2407.67822265625
mobilenet_v2,1,1653451208661728095,1653451210972643959,2310.88037109375
mobilenet_v2,1,1653451213111437595,1653451215251470243,2139.99560546875
mobilenet_v2,2,1653451217365286638,1653451219664874371,2299.55029296875
mobilenet_v2,2,1653451221702808107,1653451223935500607,2232.661865234375
mobilenet_v2,2,1653451226135326930,1653451228457672136,2322.3046875
mobilenet_v2,2,1653451230487964815,1653451232889122063,2401.124267578125
mobilenet_v2,4,1653451234879340998,1653451237171473542,2292.0888671875
mobilenet_v2,4,1653451239155407315,1653451241432312954,2276.8720703125
mobilenet_v2,4,1653451243399686732,1653451245582640685,2182.922607421875
mobilenet_v2,4,1653451247785078349,1653451250048246351,2263.138427734375
mobilenet_v2,8,1653451252286575963,1653451254504260535,2217.655029296875
mobilenet_v2,8,1653451256754927271,1653451259037954807,2282.9970703125
mobilenet_v2,8,1653451261176279791,1653451263345514480,2169.20361328125
mobilenet_v2,8,1653451265407105070,1653451267653346263,2246.206787109375
mobilenet_v2,16,1653451269734714912,1653451271984190111,2249.43505859375
mobilenet_v2,16,1653451274076341225,1653451276268056520,2191.67626953125
mobilenet_v2,16,1653451278460349101,1653451280652725835,2192.344970703125
mobilenet_v2,16,1653451282700265548,1653451284882727032,2182.428955078125
mobilenet_v2,32,1653451287273111513,1653451290635441518,3362.3125
mobilenet_v2,32,1653451292885032264,1653451296249053348,3364.003662109375
mobilenet_v2,32,1653451298602512326,1653451301964619679,3362.068115234375
mobilenet_v2,32,1653451304265906485,1653451307630102757,3364.168212890625
mobilenet_v2,64,1653451309948208122,1653451316328333989,6380.14453125
mobilenet_v2,64,1653451318998287651,1653451325382779412,6384.5146484375
mobilenet_v2,64,1653451328181705313,1653451334569788873,6388.10205078125
mobilenet_v2,64,1653451337040536780,1653451343422076499,6381.560546875
detectron2_maskrcnn,1,1653451352518714913,1653451360112341381,7593.64794921875
detectron2_maskrcnn,1,1653451365672554048,1653451373165057323,7492.515625
detectron2_maskrcnn,1,1653451378622130821,1653451386073774532,7451.6640625
detectron2_maskrcnn,1,1653451391926293624,1653451399375995415,7449.71630859375
detectron2_maskrcnn,2,1653451405924056270,1653451420873734731,14949.763671875
detectron2_maskrcnn,2,1653451427238988564,1653451442151803080,14912.9111328125
detectron2_maskrcnn,2,1653451448210900658,1653451463095863879,14885.0576171875
detectron2_maskrcnn,2,1653451469468794304,1653451484323239275,14854.5078125
detectron2_maskrcnn,4,1653451491880999367,1653451523488868546,31608.12109375
detectron2_maskrcnn,4,1653451530967857621,1653451562486968981,31519.38671875
detectron2_maskrcnn,4,1653451570614936656,1653451602052288008,31437.611328125
detectron2_maskrcnn,4,1653451609589299913,1653451641163892403,31574.861328125
hf_Bert,1,1653451654074043666,1653451658279093505,4205.03759765625
hf_Bert,1,1653451663067708614,1653451667273575414,4205.87646484375
hf_Bert,1,1653451672485296003,1653451676688859588,4203.5712890625
hf_Bert,1,1653451681868542463,1653451686075525397,4206.9912109375
hf_Bert,2,1653451691198597601,1653451697894727900,6696.16845703125
hf_Bert,2,1653451702920431856,1653451709622736795,6702.349609375
hf_Bert,2,1653451714882022932,1653451721577398303,6695.41552734375
hf_Bert,2,1653451726501420555,1653451733201597124,6700.22021484375
hf_Bert,4,1653451739006191267,1653451750829920860,11823.837890625
hf_Bert,4,1653451756237529682,1653451768073868293,11836.4423828125
hf_Bert,4,1653451773388003437,1653451785223548440,11835.6279296875
hf_Bert,4,1653451790949668182,1653451802790739512,11841.17578125
hf_Bert,8,1653451809091885684,1653451832396286826,23304.529296875
hf_Bert,8,1653451838424971920,1653451861107398033,22682.615234375
hf_Bert,8,1653451868015620977,1653451890758162460,22742.71484375
hf_Bert,8,1653451897254135214,1653451920149128465,22895.189453125
resnet18,1,1653451927970559236,1653451929407280887,1436.669921875
resnet18,1,1653451931749048298,1653451932939396626,1190.298095703125
resnet18,1,1653451935061156202,1653451936114086225,1052.900146484375
resnet18,1,1653451938220334356,1653451939253426371,1033.0633544921875
resnet18,2,1653451941364262520,1653451942445609404,1081.305419921875
resnet18,2,1653451944700272297,1653451945827173195,1126.8585205078125
resnet18,2,1653451948132392576,1653451949544266742,1411.8309326171875
resnet18,2,1653451952090029871,1653451953128412367,1038.339111328125
resnet18,4,1653451955578459242,1653451956595842173,1017.351318359375
resnet18,4,1653451958807152079,1653451960091496752,1284.3033447265625
resnet18,4,1653451962274886176,1653451963550659041,1275.746337890625
resnet18,4,1653451965724911568,1653451966991586087,1266.6378173828125
resnet18,8,1653451969175136734,1653451970496108267,1320.9310302734375
resnet18,8,1653451972641722149,1653451973966086401,1324.3336181640625
resnet18,8,1653451976111483506,1653451977424275931,1312.757568359375
resnet18,8,1653451979583213724,1653451980893870189,1310.6256103515625
resnet18,16,1653451983089794301,1653451984494671996,1404.8533935546875
resnet18,16,1653451986661544810,1653451988074919020,1413.35009765625
resnet18,16,1653451990526659270,1653451991931607169,1404.921875
resnet18,16,1653451994156092862,1653451995561194678,1405.078369140625
resnet18,32,1653451997827941559,1653452000240891286,2412.93603515625
resnet18,32,1653452002704012084,1653452005120582079,2416.548828125
resnet18,32,1653452007380799020,1653452009798649257,2417.83642578125
resnet18,32,1653452012058578705,1653452014483117775,2424.520751953125
resnet18,64,1653452017144161234,1653452021702944488,4558.7802734375
resnet18,64,1653452024534714988,1653452029100668336,4565.9638671875
resnet18,64,1653452031787697528,1653452036360670427,4572.97705078125
resnet18,64,1653452038862936057,1653452043432609670,4569.66015625
resnet18,128,1653452046237430553,1653452055306363664,9068.97265625
resnet18,128,1653452058284019245,1653452067350212784,9066.23046875
resnet18,128,1653452070192941630,1653452079264436294,9071.51171875
resnet18,128,1653452081992603019,1653452091059462802,9066.9072265625
resnet18,256,1653452094596897613,1653452112204335188,17607.560546875
resnet18,256,1653452116049394109,1653452133669102003,17619.849609375
resnet18,256,1653452137285974343,1653452154923039886,17637.208984375
resnet18,256,1653452158344077334,1653452175965438933,17621.458984375
hf_Reformer,1,1653452181143375336,1653452185590480569,4447.09912109375
hf_Reformer,1,1653452187879869620,1653452192335016459,4455.14501953125
hf_Reformer,1,1653452194930908624,1653452199381355799,4450.4453125
hf_Reformer,1,1653452202110272676,1653452206568353192,4458.0751953125
hf_Reformer,2,1653452209045911314,1653452217098593657,8052.72607421875
hf_Reformer,2,1653452219587932381,1653452227664714159,8076.8193359375
hf_Reformer,2,1653452230115371582,1653452238189240210,8073.90234375
hf_Reformer,2,1653452240684245944,1653452248751696625,8067.48583984375
hf_Reformer,4,1653452251591943139,1653452266901738767,15309.8896484375
hf_Reformer,4,1653452269948586950,1653452285234286814,15285.814453125
hf_Reformer,4,1653452288681923613,1653452303981855062,15300.048828125
hf_Reformer,4,1653452306892060859,1653452322194229685,15302.294921875
hf_Reformer,8,1653452325754009709,1653452355496634051,29742.888671875
hf_Reformer,8,1653452359703934031,1653452389572963633,29869.322265625
hf_Reformer,8,1653452393421572313,1653452423304755319,29883.431640625
hf_Reformer,8,1653452427391995574,1653452457293836410,29902.123046875
hf_Reformer,16,1653452462843411301,1653452521772907732,58930.0625
hf_Reformer,16,1653452527970651434,1653452587038272349,59068.15625
hf_Reformer,16,1653452593243002938,1653452652035440998,58793.0234375
hf_Reformer,16,1653452657998387876,1653452716783589324,58785.79296875
resnet50_quantized_qat,1,1653452724310292978,1653452729103050124,4792.7548828125
resnet50_quantized_qat,1,1653452732765629844,1653452737500970367,4735.3447265625
resnet50_quantized_qat,1,1653452740934292083,1653452745606241011,4671.9443359375
resnet50_quantized_qat,1,1653452749044883274,1653452753754447451,4709.56640625
resnet50_quantized_qat,2,1653452757135112996,1653452762008591769,4873.4853515625
resnet50_quantized_qat,2,1653452766062096351,1653452770919993113,4857.90380859375
resnet50_quantized_qat,2,1653452774473057115,1653452779287158779,4814.1123046875
resnet50_quantized_qat,2,1653452782954284895,1653452787800510565,4846.23291015625
resnet50_quantized_qat,4,1653452791333190563,1653452796290230865,4957.02685546875
resnet50_quantized_qat,4,1653452799722293895,1653452804703245080,4980.9619140625
resnet50_quantized_qat,4,1653452808891936390,1653452813810285889,4918.361328125
resnet50_quantized_qat,4,1653452817394932715,1653452822387829940,4992.90869140625
resnet50_quantized_qat,8,1653452825937277522,1653452831028775618,5091.51806640625
resnet50_quantized_qat,8,1653452834504880509,1653452839644280672,5139.4267578125
resnet50_quantized_qat,8,1653452844120223635,1653452849350978366,5230.783203125
resnet50_quantized_qat,8,1653452853023520511,1653452858292161996,5268.65576171875
resnet50_quantized_qat,16,1653452861948851434,1653452869523597494,7574.7939453125
resnet50_quantized_qat,16,1653452873550105770,1653452881112587149,7562.53759765625
resnet50_quantized_qat,16,1653452885261733252,1653452892804906205,7543.2265625
resnet50_quantized_qat,16,1653452896524838739,1653452904144490535,7619.70166015625
resnet50_quantized_qat,32,1653452909003040677,1653452922117929413,13115.0146484375
resnet50_quantized_qat,32,1653452926363458695,1653452939462296148,13098.9560546875
resnet50_quantized_qat,32,1653452944299597557,1653452957378803119,13079.318359375
resnet50_quantized_qat,32,1653452961692870768,1653452974792820507,13100.0693359375
mobilenet_v3_large,1,1653452981716927492,1653452984338595861,2621.61572265625
mobilenet_v3_large,1,1653452986678091654,1653452989279402511,2601.281494140625
mobilenet_v3_large,1,1653452991976038412,1653452994680638885,2704.567138671875
mobilenet_v3_large,1,1653452997152754314,1653452999741539983,2588.752685546875
mobilenet_v3_large,2,1653453002099673879,1653453004876826831,2777.12890625
mobilenet_v3_large,2,1653453007141357876,1653453009763691896,2622.306396484375
mobilenet_v3_large,2,1653453012063407228,1653453014707155449,2643.701904296875
mobilenet_v3_large,2,1653453016880357443,1653453019501890185,2621.508056640625
mobilenet_v3_large,4,1653453022164623401,1653453024807997994,2643.35107421875
mobilenet_v3_large,4,1653453027414641215,1653453030051766983,2637.098876953125
mobilenet_v3_large,4,1653453032326820267,1653453035003979943,2677.1279296875
mobilenet_v3_large,4,1653453037280995421,1653453039924907213,2643.88720703125
mobilenet_v3_large,8,1653453042462494922,1653453045180895036,2718.362548828125
mobilenet_v3_large,8,1653453047525385681,1653453050227738695,2702.33203125
mobilenet_v3_large,8,1653453053096809422,1653453055732686122,2635.843505859375
mobilenet_v3_large,8,1653453058044911692,1653453060788645265,2743.7138671875
mobilenet_v3_large,16,1653453063113458314,1653453066174773839,3061.295166015625
mobilenet_v3_large,16,1653453068516602077,1653453071265069137,2748.422607421875
mobilenet_v3_large,16,1653453073498561855,1653453076223545695,2724.9638671875
mobilenet_v3_large,16,1653453079196769906,1653453082092393545,2895.601806640625
mobilenet_v3_large,32,1653453084554029812,1653453087467030869,2912.98095703125
mobilenet_v3_large,32,1653453089868365305,1653453092789797257,2921.4130859375
mobilenet_v3_large,32,1653453095187398148,1653453097990326138,2802.889892578125
mobilenet_v3_large,32,1653453100447173432,1653453103427323609,2980.130859375
mobilenet_v3_large,64,1653453106847867615,1653453111864264365,5016.40771484375
mobilenet_v3_large,64,1653453114495074662,1653453119524457514,5029.3515625
mobilenet_v3_large,64,1653453122255898477,1653453127279473110,5023.58447265625
mobilenet_v3_large,64,1653453130578158205,1653453135632417904,5054.265625
mobilenet_v3_large,128,1653453138616912111,1653453148228600207,9611.728515625
mobilenet_v3_large,128,1653453152032602965,1653453161650712236,9618.1484375
mobilenet_v3_large,128,1653453164971255484,1653453174596656492,9625.46484375
mobilenet_v3_large,128,1653453178383759857,1653453188013034843,9629.310546875
timm_vision_transformer,1,1653453194246139451,1653453196664011327,2417.839111328125
timm_vision_transformer,1,1653453199177685506,1653453201593343902,2415.633544921875
timm_vision_transformer,1,1653453204112601535,1653453206521473840,2408.845947265625
timm_vision_transformer,1,1653453209160248323,1653453211541156831,2380.88525390625
timm_vision_transformer,2,1653453214687560573,1653453217203665287,2515.982421875
timm_vision_transformer,2,1653453219751410788,1653453222308201594,2556.765625
timm_vision_transformer,2,1653453225088119007,1653453227648274502,2560.10888671875
timm_vision_transformer,2,1653453230073051456,1653453232628160118,2555.087158203125
timm_vision_transformer,4,1653453235813174535,1653453238328542210,2515.343505859375
timm_vision_transformer,4,1653453241107602636,1653453243668332049,2560.70703125
timm_vision_transformer,4,1653453246178088211,1653453248728652991,2550.540283203125
timm_vision_transformer,4,1653453251272392310,1653453253828285275,2555.867431640625
timm_vision_transformer,8,1653453256810816015,1653453259377149515,2566.306640625
timm_vision_transformer,8,1653453262210725615,1653453264790093194,2579.34619140625
timm_vision_transformer,8,1653453267340238119,1653453269888506775,2548.242431640625
timm_vision_transformer,8,1653453272423885489,1653453274971900991,2547.97705078125
timm_vision_transformer,16,1653453277974358320,1653453282028521387,4054.169677734375
timm_vision_transformer,16,1653453285146713943,1653453289212906240,4066.191162109375
timm_vision_transformer,16,1653453291946715400,1653453296011222874,4064.509521484375
timm_vision_transformer,16,1653453299521706472,1653453303591608968,4069.117919921875
timm_vision_transformer,32,1653453306654681666,1653453314386138738,7727.6220703125
timm_vision_transformer,32,1653453318129385876,1653453325866406573,7733.19873046875
timm_vision_transformer,32,1653453329685526149,1653453337421710838,7732.3203125
timm_vision_transformer,32,1653453340421159081,1653453348161437337,7736.4609375
timm_vision_transformer,64,1653453352375138204,1653453367044828014,14662.435546875
timm_vision_transformer,64,1653453371937724563,1653453386605700097,14660.7431640625
timm_vision_transformer,64,1653453390899522687,1653453405576317240,14669.537109375
timm_vision_transformer,64,1653453410409409537,1653453425077937155,14662.9462890625
timm_vision_transformer,128,1653453430072684070,1653453458529087939,28456.634765625
timm_vision_transformer,128,1653453463674984485,1653453492151201085,28476.435546875
timm_vision_transformer,128,1653453496975183010,1653453525460619584,28485.654296875
timm_vision_transformer,128,1653453530659148917,1653453559148116915,28489.22265625
densenet121,1,1653453565243451179,1653453571205520427,5962.08056640625
densenet121,1,1653453574698209779,1653453580623286469,5925.09033203125
densenet121,1,1653453583318566134,1653453589145338616,5826.74365234375
densenet121,1,1653453592220761994,1653453598137021132,5916.26220703125
densenet121,2,1653453601367228590,1653453607353624533,5986.416015625
densenet121,2,1653453610054904284,1653453616089013003,6034.09814453125
densenet121,2,1653453619525925280,1653453625532733903,6006.83642578125
densenet121,2,1653453628516010734,1653453634472398280,5956.3876953125
densenet121,4,1653453637412731990,1653453643904341569,6491.64208984375
densenet121,4,1653453647158169045,1653453653466054558,6307.90234375
densenet121,4,1653453656398564664,1653453662709505006,6310.97314453125
densenet121,4,1653453666266459739,1653453672603374989,6336.95068359375
densenet121,8,1653453675405473141,1653453681696517604,6291.0751953125
densenet121,8,1653453685244684762,1653453691542805090,6298.15673828125
densenet121,8,1653453694336801773,1653453700555782472,6219.009765625
densenet121,8,1653453704115630463,1653453710455600551,6339.95458984375
densenet121,16,1653453713314842172,1653453720436967901,7122.1669921875
densenet121,16,1653453724364839721,1653453731475153579,7110.32080078125
densenet121,16,1653453734988508728,1653453741982735899,6994.2666015625
densenet121,16,1653453745468125439,1653453752650440915,7182.3515625
densenet121,32,1653453756562290903,1653453766778868947,10216.6240234375
densenet121,32,1653453771020360144,1653453781253949826,10233.642578125
densenet121,32,1653453785566547821,1653453795815926523,10249.4267578125
densenet121,32,1653453799975782210,1653453810234349938,10258.6328125
densenet121,64,1653453815189905705,1653453834019545606,18829.79296875
densenet121,64,1653453839355320065,1653453858233445565,18878.2734375
densenet121,64,1653453863826565163,1653453882680671763,18854.251953125
densenet121,64,1653453887241140417,1653453906084911548,18843.91796875
timm_regnet,1,1653453912576378885,1653453917344647896,4768.2705078125
timm_regnet,1,1653453920652266264,1653453925365520116,4713.24267578125
timm_regnet,1,1653453928218502976,1653453932905084438,4686.58544921875
timm_regnet,1,1653453936277449960,1653453941057674222,4780.2080078125
timm_regnet,2,1653453944405993040,1653453949635099927,5229.12060546875
timm_regnet,2,1653453952347433926,1653453957499874019,5152.44873046875
timm_regnet,2,1653453960862441309,1653453966058913736,5196.470703125
timm_regnet,2,1653453969452488620,1653453974744200562,5291.72998046875
timm_regnet,4,1653453977510689779,1653453983019355482,5508.673828125
timm_regnet,4,1653453986444148303,1653453991903735869,5459.58935546875
timm_regnet,4,1653453995373226451,1653454000962071874,5588.86865234375
timm_regnet,4,1653454003765471550,1653454009037934385,5272.47021484375
timm_regnet,8,1653454012388735624,1653454017692187614,5303.45263671875
timm_regnet,8,1653454020250000047,1653454025574304469,5324.3251953125
timm_regnet,8,1653454028963295667,1653454034289402271,5326.10888671875
timm_regnet,8,1653454037732180988,1653454043200755459,5468.5947265625
timm_regnet,16,1653454045868255085,1653454051299340981,5431.09716796875
timm_regnet,16,1653454054667638888,1653454060150260750,5482.6416015625
timm_regnet,16,1653454063059932157,1653454068541370447,5481.4560546875
timm_regnet,16,1653454071993812848,1653454077468402112,5474.58203125
timm_regnet,32,1653454081078513109,1653454090940027685,9861.5751953125
timm_regnet,32,1653454094769787443,1653454104633787006,9864.0576171875
timm_regnet,32,1653454108496554232,1653454118358768189,9862.2685546875
timm_regnet,32,1653454122252877418,1653454132153819638,9901.0029296875
timm_regnet,64,1653454136569736941,1653454154657214302,18087.630859375
timm_regnet,64,1653454158909610704,1653454177011550030,18102.09375
timm_regnet,64,1653454181584274923,1653454199679132324,18095.00390625
timm_regnet,64,1653454204195390843,1653454222284519293,18089.26171875
timm_regnet,128,1653454227569532014,1653454262376429075,34807.25
timm_regnet,128,1653454267820579122,1653454302622067269,34801.83203125
timm_regnet,128,1653454307851255080,1653454342660504406,34809.59765625
timm_regnet,128,1653454348109003043,1653454382915279266,34806.625
shufflenet_v2_x1_0,1,1653454388697893278,1653454391289626436,2591.704833984375
shufflenet_v2_x1_0,1,1653454393727963983,1653454396335782606,2607.749755859375
shufflenet_v2_x1_0,1,1653454399178565912,1653454401918520749,2739.927001953125
shufflenet_v2_x1_0,1,1653454404363726401,1653454407021032812,2657.27783203125
shufflenet_v2_x1_0,2,1653454409506357022,1653454412078385063,2571.96142578125
shufflenet_v2_x1_0,2,1653454414714253933,1653454417277403712,2563.121826171875
shufflenet_v2_x1_0,2,1653454419851596834,1653454422416361263,2564.739501953125
shufflenet_v2_x1_0,2,1653454424695050657,1653454427439768976,2744.694091796875
shufflenet_v2_x1_0,4,1653454430428922113,1653454433056089329,2627.14306640625
shufflenet_v2_x1_0,4,1653454435372829766,1653454437957898317,2584.993896484375
shufflenet_v2_x1_0,4,1653454440838214756,1653454443598504710,2760.267822265625
shufflenet_v2_x1_0,4,1653454446105110219,1653454448699548752,2594.414306640625
shufflenet_v2_x1_0,8,1653454450956836261,1653454453518185283,2561.31787109375
shufflenet_v2_x1_0,8,1653454456540000433,1653454459158264418,2618.2412109375
shufflenet_v2_x1_0,8,1653454461474072819,1653454464079712498,2605.60498046875
shufflenet_v2_x1_0,8,1653454467134044600,1653454469805193110,2671.12451171875
shufflenet_v2_x1_0,16,1653454472454224668,1653454475220495978,2766.224853515625
shufflenet_v2_x1_0,16,1653454478226519305,1653454480929537038,2702.9970703125
shufflenet_v2_x1_0,16,1653454483322075848,1653454486027766767,2705.648681640625
shufflenet_v2_x1_0,16,1653454489084144942,1653454491733266995,2649.102294921875
shufflenet_v2_x1_0,32,1653454494093594794,1653454496795422637,2701.78466796875
shufflenet_v2_x1_0,32,1653454499949020051,1653454502629013264,2679.973876953125
shufflenet_v2_x1_0,32,1653454504999770172,1653454507605324660,2605.5126953125
shufflenet_v2_x1_0,32,1653454510692967579,1653454513420195878,2727.20849609375
shufflenet_v2_x1_0,64,1653454515800549043,1653454518400238209,2599.636962890625
shufflenet_v2_x1_0,64,1653454521552661556,1653454524181502859,2628.81884765625
shufflenet_v2_x1_0,64,1653454526681177636,1653454529283476922,2602.251220703125
shufflenet_v2_x1_0,64,1653454532036992071,1653454534680737465,2643.721923828125
shufflenet_v2_x1_0,128,1653454537984302694,1653454542327155824,4342.82470703125
shufflenet_v2_x1_0,128,1653454545909076863,1653454550260639658,4351.529296875
shufflenet_v2_x1_0,128,1653454553672518034,1653454558030886086,4358.3701171875
shufflenet_v2_x1_0,128,1653454560798258286,1653454565151097003,4352.83837890625
shufflenet_v2_x1_0,256,1653454569049653469,1653454577392593220,8342.990234375
shufflenet_v2_x1_0,256,1653454581412781981,1653454589738557153,8325.7978515625
shufflenet_v2_x1_0,256,1653454593790694780,1653454602115135543,8324.46484375
shufflenet_v2_x1_0,256,1653454606344716335,1653454614660890965,8316.1904296875
hf_GPT2,1,1653454631532135502,1653454636587665102,5055.5361328125
hf_GPT2,1,1653454646952608690,1653454652015534135,5052.17919921875
hf_GPT2,1,1653454662384338036,1653454667440521532,5056.19580078125
hf_GPT2,1,1653454678108794696,1653454683160860421,5052.080078125
hf_GPT2,2,1653454694258175289,1653454702532324589,8274.2109375
hf_GPT2,2,1653454713056624553,1653454721335808785,8279.232421875
hf_GPT2,2,1653454732071483402,1653454740352105127,8280.67578125
hf_GPT2,2,1653454751027278020,1653454759309514037,8282.2890625
hf_GPT2,4,1653454770393308342,1653454785244059580,14850.8837890625
hf_GPT2,4,1653454796164681544,1653454811006849177,14842.3037109375
hf_GPT2,4,1653454822188594972,1653454837035228777,14846.76953125
hf_GPT2,4,1653454847934077302,1653454862783955306,14850.0146484375
hf_Longformer,1,1653454881783649996,1653454894777723093,12994.193359375
hf_Longformer,1,1653454903571338461,1653454916585509877,13014.2919921875
hf_Longformer,1,1653454924704968448,1653454937747935471,13043.08984375
hf_Longformer,1,1653454946836465738,1653454959865146855,13028.80078125
hf_Longformer,2,1653454969692018078,1653454993980285751,24288.5234375
hf_Longformer,2,1653455003613637545,1653455027913171598,24299.791015625
hf_Longformer,2,1653455037546016636,1653455061828781427,24283.013671875
hf_Longformer,2,1653455071434611085,1653455095730311194,24295.955078125
drq,1,1653455109789811617,1653455118003016043,8213.2529296875
drq,1,1653455121006284737,1653455129367152415,8360.9208984375
drq,1,1653455133000147016,1653455141296986513,8296.8759765625
drq,1,1653455144204405417,1653455152431357192,8227.0048828125
alexnet,1,1653455157797142810,1653455158650108416,852.9352416992188
alexnet,1,1653455161401307121,1653455162254924864,853.5845947265625
alexnet,1,1653455164837255102,1653455165691135109,853.8341674804688
alexnet,1,1653455168330009740,1653455169181334360,851.2901000976562
alexnet,2,1653455172317787464,1653455173208203943,890.36767578125
alexnet,2,1653455175994494657,1653455176883909998,889.3703002929688
alexnet,2,1653455179466385963,1653455180359399746,892.9737548828125
alexnet,2,1653455182989856692,1653455183879245045,889.349609375
alexnet,4,1653455186370395807,1653455187296237256,925.8109741210938
alexnet,4,1653455190431260723,1653455191354036996,922.7349853515625
alexnet,4,1653455194228883463,1653455195153015219,924.1026611328125
alexnet,4,1653455197816283625,1653455198742252686,925.935791015625
alexnet,8,1653455201461561262,1653455202495993646,1034.37109375
alexnet,8,1653455205077060414,1653455206111733505,1034.622314453125
alexnet,8,1653455208736761339,1653455209768285602,1031.475341796875
alexnet,8,1653455212943272415,1653455213975241088,1031.93310546875
alexnet,16,1653455216778764967,1653455217886220223,1107.4210205078125
alexnet,16,1653455220517409128,1653455221629745817,1112.30517578125
alexnet,16,1653455224481636362,1653455225597832984,1116.1614990234375
alexnet,16,1653455228119068952,1653455229233038992,1113.9388427734375
alexnet,32,1653455232527989225,1653455233810090649,1282.060302734375
alexnet,32,1653455236715035744,1653455237985668096,1270.5872802734375
alexnet,32,1653455240597572355,1653455241875222469,1277.6021728515625
alexnet,32,1653455244463916520,1653455245740289112,1276.336181640625
alexnet,64,1653455248459438861,1653455250228570834,1769.1075439453125
alexnet,64,1653455253283899019,1653455255050146023,1766.2232666015625
alexnet,64,1653455258387620907,1653455260149037011,1761.3885498046875
alexnet,64,1653455263013548020,1653455264774398095,1760.806884765625
alexnet,128,1653455267707786147,1653455270419910329,2712.09130859375
alexnet,128,1653455273241194685,1653455275972295700,2731.0615234375
alexnet,128,1653455279596384321,1653455282319843035,2723.402099609375
alexnet,128,1653455285584798609,1653455288317511670,2732.69091796875
alexnet,256,1653455291543772162,1653455296196799923,4652.96142578125
alexnet,256,1653455299817788638,1653455304469276247,4651.44775390625
alexnet,256,1653455307918248798,1653455312574892903,4656.61669921875
alexnet,256,1653455315749967124,1653455320409350441,4659.34326171875
alexnet,512,1653455324041709813,1653455332428638917,8386.9404296875
alexnet,512,1653455336937367945,1653455345313276262,8375.91796875
alexnet,512,1653455349257163388,1653455357646706942,8389.5517578125
alexnet,512,1653455362016183296,1653455370410927143,8394.744140625
alexnet,1024,1653455375318196913,1653455391021548373,15703.4541015625
alexnet,1024,1653455396883448687,1653455412587171225,15703.8046875
alexnet,1024,1653455418199499537,1653455433914916846,15715.4970703125
alexnet,1024,1653455440047404500,1653455455743527445,15696.1875
hf_BigBird,1,1653455462805671344,1653455479580735159,16775.23046875
hf_BigBird,1,1653455486252722633,1653455503020462149,16767.90234375
hf_BigBird,1,1653455510077323787,1653455526893961589,16816.80078125
hf_BigBird,1,1653455533167494339,1653455549933931246,16766.607421875
hf_BigBird,2,1653455557744013867,1653455583789939971,26046.205078125
hf_BigBird,2,1653455590430588031,1653455616322234342,25891.927734375
hf_BigBird,2,1653455624153313979,1653455650049251476,25896.2109375
hf_BigBird,2,1653455657114476408,1653455683029076867,25914.87890625
mnasnet1_0,1,1653455691722307820,1653455693864437607,2142.057373046875
mnasnet1_0,1,1653455696188249112,1653455698261431292,2073.15087890625
mnasnet1_0,1,1653455700359503410,1653455702459738902,2100.199951171875
mnasnet1_0,1,1653455704898363781,1653455707141321233,2242.9248046875
mnasnet1_0,2,1653455709620947037,1653455711729919179,2108.9404296875
mnasnet1_0,2,1653455713990776964,1653455716113930285,2123.120849609375
mnasnet1_0,2,1653455718531370081,1653455720746611418,2215.21435546875
mnasnet1_0,2,1653455722885748915,1653455725167720036,2281.942626953125
mnasnet1_0,4,1653455727357338359,1653455729663899230,2306.528564453125
mnasnet1_0,4,1653455731855291156,1653455734197035579,2341.7177734375
mnasnet1_0,4,1653455736407690220,1653455738788075641,2380.34130859375
mnasnet1_0,4,1653455740960755592,1653455743291107144,2330.30908203125
mnasnet1_0,8,1653455745420799351,1653455747696063027,2275.234130859375
mnasnet1_0,8,1653455750342507870,1653455752642543515,2300.008544921875
mnasnet1_0,8,1653455755243184239,1653455757617997126,2374.7880859375
mnasnet1_0,8,1653455759899546635,1653455762178966182,2279.39111328125
mnasnet1_0,16,1653455764463898248,1653455766886511645,2422.58349609375
mnasnet1_0,16,1653455769280437288,1653455771614397759,2333.9345703125
mnasnet1_0,16,1653455774064790805,1653455776278378792,2213.555419921875
mnasnet1_0,16,1653455778654459976,1653455780856398317,2201.896728515625
mnasnet1_0,32,1653455783188867187,1653455786248595167,3059.687744140625
mnasnet1_0,32,1653455788528735614,1653455791588627291,3059.875732421875
mnasnet1_0,32,1653455794401049662,1653455797468622362,3067.557373046875
mnasnet1_0,32,1653455800089273679,1653455803184268053,3094.966552734375
mnasnet1_0,64,1653455805739173256,1653455811485624702,5746.46923828125
mnasnet1_0,64,1653455814323629440,1653455820076319245,5752.67919921875
mnasnet1_0,64,1653455822822273586,1653455828574222856,5751.9658203125
mnasnet1_0,64,1653455831804780309,1653455837551858226,5747.068359375
mnasnet1_0,128,1653455840570901570,1653455851851623050,11280.7744140625
mnasnet1_0,128,1653455854862357879,1653455866131579454,11269.3056640625
mnasnet1_0,128,1653455869880543013,1653455881147590076,11267.10546875
mnasnet1_0,128,1653455884426537892,1653455895698294017,11271.833984375
pytorch_CycleGAN_and_pix2pix,1,1653455985154354442,1653457750805010716,1765636.0
pytorch_CycleGAN_and_pix2pix,1,1653457838116762244,1653459599717144530,1761623.125
pytorch_CycleGAN_and_pix2pix,1,1653459687137337166,1653461452698573323,1765515.625
pytorch_CycleGAN_and_pix2pix,1,1653461540168288076,1653463308569305478,1768423.75
attention_is_all_you_need_pytorch,1,1653463323546829051,1653463328238887171,4692.03466796875
attention_is_all_you_need_pytorch,1,1653463338936550264,1653463343494664856,4558.07861328125
attention_is_all_you_need_pytorch,1,1653463353295281304,1653463357881349474,4586.0595703125
attention_is_all_you_need_pytorch,1,1653463367690505098,1653463372279346636,4588.85107421875
attention_is_all_you_need_pytorch,2,1653463381728806544,1653463386532290077,4803.458984375
attention_is_all_you_need_pytorch,2,1653463395295324990,1653463400075979747,4780.654296875
attention_is_all_you_need_pytorch,2,1653463408422968117,1653463413265601193,4842.6435546875
attention_is_all_you_need_pytorch,2,1653463422283201546,1653463427098120216,4814.923828125
attention_is_all_you_need_pytorch,4,1653463434995454483,1653463439837052329,4841.595703125
attention_is_all_you_need_pytorch,4,1653463447978013545,1653463452778558008,4800.517578125
attention_is_all_you_need_pytorch,4,1653463459700867506,1653463464529487124,4828.64208984375
attention_is_all_you_need_pytorch,4,1653463472250077585,1653463477065828429,4815.7548828125
attention_is_all_you_need_pytorch,8,1653463484350063891,1653463489083917595,4733.88232421875
attention_is_all_you_need_pytorch,8,1653463495428728119,1653463500209487874,4780.75537109375
attention_is_all_you_need_pytorch,8,1653463507557646683,1653463512381163853,4823.53466796875
attention_is_all_you_need_pytorch,8,1653463518826894767,1653463523619349162,4792.455078125
attention_is_all_you_need_pytorch,16,1653463530427126956,1653463535304227241,4877.119140625
attention_is_all_you_need_pytorch,16,1653463541391334432,1653463546346525116,4955.19970703125
attention_is_all_you_need_pytorch,16,1653463553099353368,1653463558054446500,4955.126953125
attention_is_all_you_need_pytorch,16,1653463564211337793,1653463569132000161,4920.64794921875
attention_is_all_you_need_pytorch,32,1653463575665057787,1653463580566826959,4901.78173828125
attention_is_all_you_need_pytorch,32,1653463587009391833,1653463591883946904,4874.54833984375
attention_is_all_you_need_pytorch,32,1653463597703564893,1653463602575623023,4872.087890625
attention_is_all_you_need_pytorch,32,1653463609176830961,1653463614149152047,4972.34521484375
attention_is_all_you_need_pytorch,64,1653463620038955469,1653463625068705162,5029.7705078125
attention_is_all_you_need_pytorch,64,1653463630893281889,1653463635973132651,5079.8818359375
attention_is_all_you_need_pytorch,64,1653463642936023250,1653463647947553041,5011.55615234375
attention_is_all_you_need_pytorch,64,1653463653790290775,1653463658819723322,5029.447265625
attention_is_all_you_need_pytorch,128,1653463664906078689,1653463674321032922,9415.0224609375
attention_is_all_you_need_pytorch,128,1653463681113870121,1653463690622274316,9508.47265625
attention_is_all_you_need_pytorch,128,1653463696715582929,1653463706222425219,9506.9072265625
attention_is_all_you_need_pytorch,128,1653463713169107670,1653463722741211114,9572.169921875
attention_is_all_you_need_pytorch,256,1653463729411919054,1653463747834476501,18422.677734375
attention_is_all_you_need_pytorch,256,1653463754390782843,1653463772636112577,18245.498046875
attention_is_all_you_need_pytorch,256,1653463780262267435,1653463798713133563,18451.001953125
attention_is_all_you_need_pytorch,256,1653463805247262579,1653463823764686569,18517.580078125
hf_Albert,1,1653463834943627371,1653463838118028582,3174.3916015625
hf_Albert,1,1653463842317555614,1653463845494631411,3177.0625
hf_Albert,1,1653463849254344213,1653463852427067374,3172.7109375
hf_Albert,1,1653463856119006651,1653463859288095212,3169.079345703125
hf_Albert,2,1653463863043761465,1653463868593952542,5550.1923828125
hf_Albert,2,1653463873005975811,1653463878556579629,5550.6044921875
hf_Albert,2,1653463882622491057,1653463888174442019,5551.9638671875
hf_Albert,2,1653463891997894890,1653463897550023881,5552.13818359375
hf_Albert,4,1653463902039621978,1653463912508505215,10468.923828125
hf_Albert,4,1653463916928394068,1653463927401842042,10473.5146484375
hf_Albert,4,1653463932187351258,1653463942660365028,10473.06640625
hf_Albert,4,1653463946850246653,1653463957325298302,10475.1181640625
hf_Albert,8,1653463961952550909,1653463982239071339,20286.650390625
hf_Albert,8,1653463990219513517,1653464010504508775,20285.140625
hf_Albert,8,1653464015226850509,1653464035508532231,20281.818359375
hf_Albert,8,1653464040797212756,1653464061126871377,20329.787109375
